0,1.0422363,-0.46142578,0.23486328,51.646343,-18.963415,-23.262196
0,1.0703125,-0.43530273,0.24682617,47.560978,-20.182928,-15.335366
0,0.9992676,-0.3642578,0.2915039,26.371952,-23.231709,-3.3536587
0,0.88793945,-0.33032227,0.31298828,11.006098,-25.213415,8.079268
0,0.8330078,-0.3400879,0.32714844,2.4085367,-25.121952,21.920732
0,0.82128906,-0.32861328,0.31811523,5.5792685,-22.591463,28.07927
0,0.85839844,-0.34423828,0.30419922,14.329268,-18.140244,26.67683
0,0.92407227,-0.3395996,0.30517578,26.036587,-9.45122,24.603659
0,0.97558594,-0.27490234,0.30810547,26.310976,2.7439024,18.231709
0,1.052002,-0.23291016,0.30078125,13.932927,13.384147,10.27439
0,1.1535645,-0.20581055,0.30493164,-6.8597565,21.737806,-0.6097561
0,1.2001953,-0.16333008,0.30419922,-45.94512,31.554878,-11.615854
0,1.2236328,-0.19482422,0.29882813,-63.93293,37.835365,-17.682928
0,1.2595215,-0.20605469,0.28833008,-66.310974,35.640244,-22.317074
0,1.1618652,-0.28735352,0.2746582,-60.975613,23.07927,-38.07927
0,1.0285645,-0.34814453,0.27905273,-34.298782,14.939025,-41.15854
0,0.8234863,-0.2763672,0.26391602,2.8048782,6.0670733,-33.35366
0,0.6484375,-0.07495117,0.22265625,30.640245,1.0060976,-11.615854
0,0.7434082,0.010498047,0.21728516,27.682928,0.15243903,1.25
0,0.8063965,0.030029297,0.2043457,10.54878,6.615854,12.621951
0,0.81933594,0.01586914,0.2163086,-18.62805,9.969512,13.871951
0,0.8510742,-0.07788086,0.26733398,-37.835365,8.871951,7.4695125
0,0.8054199,-0.14111328,0.30029297,-47.469513,8.414635,4.6036587
0,0.7219238,-0.1665039,0.30541992,-44.146343,4.6951222,-1.4024391
0,0.68310547,-0.19458008,0.33740234,-23.90244,2.012195,-4.6036587
0,0.6953125,-0.22583008,0.35424805,-9.02439,-0.18292683,-6.2195125
0,0.79907227,-0.23486328,0.37475586,-1.890244,4.5731707,-12.743903
0,0.84350586,-0.26660156,0.3635254,-0.57926834,6.3414636,-11.829268
0,0.814209,-0.29785156,0.38208008,25.42683,4.7865853,-14.054878
0,0.8322754,-0.30932617,0.42016602,31.585367,-2.652439,-17.835367
0,0.87353516,-0.35668945,0.4609375,26.25,-4.2987804,-19.512196
1,0.9863281,-0.35913086,0.47021484,13.414635,-5.2134147,-21.158537
1,1.4055176,-0.45629883,0.50341797,4.6341467,-5.4268293,-17.682928
1,1.3725586,-0.453125,0.49438477,4.72561,-4.02439,-11.554878
1,0.9873047,-0.3803711,0.41088867,-9.664635,-6.402439,17.743902
1,0.78344727,-0.21386719,0.26660156,29.29878,-14.3902445,104.48171
1,0.85375977,-0.2697754,0.27685547,106.15854,-7.682927,83.38415
1,1.0048828,-0.29101563,0.21679688,103.871956,-5.121951,71.85976
1,0.94140625,-0.18774414,0.29614258,71.70732,27.560976,89.96951
1,0.890625,-0.12182617,0.27490234,26.219513,15.792684,84.23781
1,0.7705078,-0.1459961,0.20654297,-31.310976,13.414635,75.18293
1,0.7573242,-0.22680664,0.23803711,-27.835367,-0.27439025,70.54878
1,0.8071289,-0.30615234,0.24414063,-27.042683,-0.33536586,50.487804
1,0.8208008,-0.34375,0.23461914,-26.40244,6.402439,41.920734
1,0.8503418,-0.26708984,0.24438477,7.1341467,6.2195125,23.536587
1,0.9428711,-0.22070313,0.28637695,19.542683,11.981708,9.939025
1,1.126709,-0.22167969,0.3540039,19.45122,16.82927,-2.987805
1,1.1437988,-0.11279297,0.4177246,-8.780488,21.615854,-27.408537
1,1.1679688,-0.092285156,0.40844727,-52.621952,22.957317,-43.170734
1,1.3615723,-0.2290039,0.40625,-81.43293,24.84756,-69.48171
1,0.99902344,-0.3515625,0.4321289,-83.17073,2.2256098,-105.85366
1,0.6958008,-0.36328125,0.41552734,-73.47561,0.36585367,-103.07927
1,0.66259766,-0.35888672,0.36987305,-43.841465,10.121951,-91.15854
1,0.84399414,-0.27905273,0.30786133,8.689025,13.1707325,-70.18293
1,0.8791504,-0.1743164,0.24414063,14.72561,12.621951,-52.317074
1,0.88183594,-0.16699219,0.2355957,5.5792685,13.384147,-44.634148
1,0.71606445,-0.22021484,0.27172852,-28.932928,6.890244,-40.213417
1,0.68652344,-0.26708984,0.2697754,-64.45122,10.731708,-40.518295
1,0.72021484,-0.34716797,0.25097656,-77.98781,20.091463,-38.262196
1,0.74902344,-0.40356445,0.25683594,-47.682926,16.585365,-37.743904
1,0.77490234,-0.4182129,0.3178711,-21.09756,12.804878,-38.47561
2,0.7624512,-0.4206543,0.38012695,-8.323171,8.353659,-39.359756
2,0.8496094,-0.44458008,0.44189453,-3.7195122,3.1097562,-40.884148
2,0.94506836,-0.4633789,0.46264648,-2.5914636,-0.15243903,-40.548782
2,1.2175293,-0.51464844,0.46142578,1.3414634,-1.7073171,-31.768293
2,1.5490723,-0.49658203,0.5065918,19.634148,-5.27439,-10.914635
2,1.0847168,-0.35766602,0.45874023,11.554878,-14.756098,18.841463
2,0.6748047,-0.2866211,0.38793945,8.018292,-13.689025,63.810978
2,0.81884766,-0.34301758,0.3251953,45.335365,-19.481709,95.97561
2,0.9001465,-0.34643555,0.29760742,80.18293,-15.518293,100.45732
2,0.9399414,-0.3232422,0.2680664,95.335365,-11.920732,106.70732
2,0.94921875,-0.23901367,0.27124023,93.14024,0.6402439,109.29878
2,0.8063965,-0.1303711,0.23828125,61.798782,5.5487804,100.15244
2,0.7441406,-0.13378906,0.22314453,23.140244,5,99.11585
2,0.8261719,-0.23730469,0.19116211,-14.664635,7.77439,76.12805
2,0.83691406,-0.2619629,0.16503906,-18.506098,9.29878,61.0061
2,0.8737793,-0.28295898,0.17456055,-8.689025,7.0731707,45.609756
2,1.017334,-0.24169922,0.22216797,12.713415,12.743903,26.585367
2,1.1552734,-0.23095703,0.29589844,15.243903,16.09756,8.932927
2,1.1271973,-0.19799805,0.34375,5.518293,15.853659,-6.25
2,1.1982422,-0.18945313,0.35424805,-17.22561,13.1707325,-23.780489
2,1.3925781,-0.24316406,0.3857422,-23.841463,11.981708,-50.182926
2,0.9926758,-0.31079102,0.46972656,-27.439026,-24.268293,-78.78049
2,0.6269531,-0.37060547,0.5341797,-13.04878,-34.17683,-80.914635
2,0.72802734,-0.33984375,0.48901367,12.926829,-18.689024,-73.414635
2,0.80493164,-0.24291992,0.42944336,32.743904,-13.841464,-57.83537
2,0.810791,-0.13085938,0.34423828,31.25,-20.182928,-39.32927
2,0.75097656,-0.12841797,0.33251953,28.689026,-12.286586,-29.237806
2,0.6479492,-0.1574707,0.35961914,14.45122,-13.810976,-28.993902
2,0.6516113,-0.26757813,0.35791016,-43.567074,-4.359756,-39.146343
2,0.67749023,-0.34375,0.30297852,-58.810978,10.030488,-33.17073
2,0.7272949,-0.37597656,0.30810547,-39.69512,8.353659,-30.884148
3,0.7932129,-0.37109375,0.35327148,-22.774391,2.987805,-30.884148
3,0.7858887,-0.40454102,0.3984375,-17.804878,-1.7987806,-33.780487
3,0.90625,-0.47558594,0.46728516,-9.29878,-11.585366,-34.115856
3,1.0390625,-0.45629883,0.48779297,13.20122,-7.682927,-31.585367
3,1.2705078,-0.43920898,0.47631836,25.792683,-4.8170733,-28.262196
3,1.6408691,-0.43920898,0.5390625,31.189026,-7.3170733,-16.768293
3,0.9790039,-0.2705078,0.49560547,2.957317,-13.414635,5.5487804
3,0.6906738,-0.24682617,0.39111328,-24.908537,-0.15243903,47.77439
3,0.8803711,-0.27197266,0.34570313,8.018292,-2.8963416,73.506096
3,1.0239258,-0.24536133,0.30029297,97.65244,-21.82927,134.2683
3,0.8161621,-0.2319336,0.24121094,173.65854,-19.359756,99.63415
3,0.9250488,-0.079833984,0.24780273,139.0244,3.323171,57.896343
3,0.6394043,-0.041992188,0.31420898,-10.121951,23.536587,66.493904
3,0.65185547,-0.011962891,0.2421875,-103.78049,12.408537,66.12805
3,0.60961914,-0.3022461,0.12158203,-107.164635,13.445123,56.219513
3,0.7988281,-0.34521484,0.18286133,-28.109756,-3.9634147,29.359756
3,0.8737793,-0.3996582,0.16870117,6.5853662,10.70122,10.243902
3,0.9916992,-0.3630371,0.15527344,25.487806,14.207317,1.7378049
3,1.1921387,-0.24633789,0.2536621,33.780487,18.018293,-27.682928
3,1.1047363,-0.19824219,0.31884766,8.47561,10.030488,-38.292683
3,1.2861328,-0.23413086,0.37426758,-27.37805,9.603659,-46.09756
3,1.3962402,-0.2692871,0.4099121,-57.957317,2.5,-64.35976
3,0.888916,-0.2692871,0.4411621,-74.72561,-25.274391,-69.57317
3,0.6555176,-0.34204102,0.47607422,-64.11585,-20.640244,-58.140244
3,0.84472656,-0.28295898,0.4333496,6.646342,-7.896342,-38.5061
3,0.84350586,-0.15307617,0.38232422,37.682926,-8.262196,-17.469513
3,0.83862305,-0.10449219,0.35009766,39.84756,-8.932927,-13.018293
3,0.66137695,-0.08691406,0.37548828,17.621952,1.1585367,-10.853659
3,0.5788574,-0.123535156,0.3791504,-26.646341,6.3719516,-18.262196
3,0.5974121,-0.27075195,0.31640625,-64.20732,22.34756,-25.70122
3,0.72143555,-0.40234375,0.30297852,-26.310976,26.95122,-26.981709
4,0.7631836,-0.42285156,0.36669922,10.457317,21.219513,-32.286587
4,0.7324219,-0.40551758,0.41723633,13.292684,13.536586,-33.5061
4,0.7956543,-0.4362793,0.4333496,0.85365856,3.140244,-35.091465
4,0.93359375,-0.48168945,0.4321289,0.6097561,3.5670733,-32.5
4,1.0749512,-0.5131836,0.40673828,6.0365853,5.7012196,-23.170732
4,1.6953125,-0.5895996,0.45703125,31.158537,0.12195122,-3.932927
4,1.2446289,-0.4267578,0.46826172,26.310976,-10.70122,13.262196
4,0.842041,-0.31030273,0.3864746,3.9939024,1.25,61.036587
4,0.9633789,-0.2590332,0.3005371,14.756098,-3.262195,88.14024
4,0.94750977,-0.3095703,0.2409668,35.884148,-6.1890244,103.75
4,0.859375,-0.32104492,0.20678711,67.743904,-13.018293,105.54878
4,0.7844238,-0.16113281,0.23657227,68.2622,1.9512196,88.84147
4,0.68066406,-0.11352539,0.24731445,22.621952,-7.8353662,99.02439
4,0.6459961,-0.1538086,0.22924805,13.47561,-20.121952,83.689026
4,0.6838379,-0.2097168,0.23266602,-4.7865853,-17.987804,54.7561
4,0.7392578,-0.30664063,0.2409668,2.378049,-20.640244,35.609756
4,0.8005371,-0.32250977,0.23291016,37.286587,-16.341463,14.054878
4,0.9980469,-0.25585938,0.30371094,67.53049,-7.7439027,-6.768293
4,1.2768555,-0.20678711,0.3779297,75.73171,4.3292685,-25.640245
4,1.1928711,-0.040039063,0.39526367,47.896343,8.963415,-41.219513
4,1.3857422,-0.08569336,0.41015625,-32.07317,9.45122,-59.17683
4,1.4487305,-0.21484375,0.4260254,-63.993904,3.445122,-80.243904
4,1.0224609,-0.24902344,0.45239258,-83.96342,-15.884147,-88.78049
4,0.79174805,-0.3305664,0.43847656,-78.93293,-5.365854,-84.847565
4,0.8112793,-0.34228516,0.3947754,-42.92683,0.24390244,-75.30488
4,0.74316406,-0.28295898,0.32006836,-10.609756,-1.3719512,-55.457317
4,0.73535156,-0.19213867,0.25512695,13.780488,7.7134147,-40.97561
4,0.6879883,-0.15039063,0.25854492,12.743903,9.664635,-31.768293
4,0.66259766,-0.14233398,0.2770996,-20.182928,11.646341,-29.72561
4,0.7077637,-0.21069336,0.25195313,-83.201225,23.963415,-25.304878
4,0.7607422,-0.30322266,0.23486328,-86.40244,24.45122,-20.640244
5,0.82299805,-0.36987305,0.26660156,-65.243904,21.219513,-22.164635
5,0.71777344,-0.44628906,0.39111328,-41.25,8.658537,-26.859756
5,0.68969727,-0.53125,0.4831543,-24.786587,-0.88414633,-33.292683
5,0.7866211,-0.5554199,0.513916,-7.5914636,-3.2926831,-37.957317
5,1.0327148,-0.52441406,0.4765625,1.4939024,0.91463417,-34.48171
5,1.6381836,-0.62719727,0.49926758,15.182927,1.4939024,-32.2561
5,1.3344727,-0.4951172,0.51342773,14.45122,-10.365854,-24.969513
5,0.7692871,-0.42797852,0.41601563,1.6768293,-1.9817073,41.036587
5,0.9614258,-0.34521484,0.3581543,25.70122,-5.8841467,77.31708
5,0.92578125,-0.34423828,0.26733398,56.067074,-13.597561,92.2561
5,0.9453125,-0.35961914,0.19628906,83.993904,-12.317074,108.62805
5,0.9489746,-0.27783203,0.21289063,100.701225,-7.5,116.64635
5,0.7824707,-0.15307617,0.23071289,93.018295,-7.530488,115.64024
5,0.6777344,-0.13623047,0.20214844,27.134148,-4.054878,111.98171
5,0.77563477,-0.21533203,0.1965332,4.847561,-10,95.39635
5,0.8515625,-0.27270508,0.20092773,6.2195125,-7.22561,75.060974
5,0.8725586,-0.2644043,0.21655273,19.17683,-4.756098,52.317074
5,0.96484375,-0.22241211,0.24902344,32.987804,-0.24390244,37.40854
5,1.1337891,-0.15234375,0.31152344,35.884148,8.506098,16.310976
5,1.0930176,-0.04345703,0.40039063,8.1402445,9.115854,-8.902439
5,1.2219238,-0.07470703,0.42919922,-24.664635,9.29878,-32.560978
5,1.527832,-0.20166016,0.46240234,-45.27439,14.29878,-70.15244
5,0.96118164,-0.24365234,0.49487305,-64.5122,-21.67683,-102.164635
5,0.75634766,-0.28564453,0.49560547,-59.268295,-10.365854,-100.7622
5,0.84277344,-0.27685547,0.47924805,-22.530489,-2.2865853,-94.63415
5,0.8701172,-0.21386719,0.3996582,14.176829,-5.335366,-74.32927
5,0.85302734,-0.14575195,0.31811523,16.82927,1.097561,-64.29878
5,0.7609863,-0.10229492,0.29614258,7.4390244,5.8841467,-61.09756
5,0.6359863,-0.13110352,0.29956055,-41.036587,5.304878,-62.65244
5,0.6726074,-0.25195313,0.27172852,-89.5122,17.896341,-64.57317
6,0.73876953,-0.3630371,0.23876953,-90.701225,25.54878,-58.07927
6,0.7741699,-0.4038086,0.26391602,-46.280487,19.024391,-53.323174
6,0.72680664,-0.40795898,0.34692383,-27.073172,7.8353662,-53.78049
6,0.75756836,-0.45581055,0.43847656,-18.75,-3.3841465,-53.78049
6,0.8671875,-0.45898438,0.47045898,-16.40244,-4.878049,-56.920734
6,1.0366211,-0.49365234,0.44970703,-18.841463,-5.152439,-53.810978
6,1.5961914,-0.6767578,0.5202637,4.115854,-7.378049,-43.536587
6,1.1337891,-0.4609375,0.52612305,27.530489,-20.670732,-11.006098
6,0.71069336,-0.3479004,0.47436523,15.27439,-8.689025,46.920734
6,0.93725586,-0.3305664,0.43408203,27.012196,-7.8353662,88.90244
6,1.0356445,-0.3371582,0.3388672,56.52439,-2.957317,118.81098
6,1.0703125,-0.31054688,0.30664063,62.743904,0.6097561,127.13415
6,1.0683594,-0.21142578,0.2956543,70.15244,6.25,137.86586
6,0.80029297,-0.10058594,0.2956543,49.207317,4.664634,146.58537
6,0.70458984,-0.11621094,0.25585938,-8.353659,9.939025,141.0061
6,0.7355957,-0.22802734,0.2199707,-24.024391,-0.06097561,133.2317
6,0.73217773,-0.26464844,0.18115234,-14.847561,-0.36585367,101.79878
6,0.7150879,-0.29248047,0.1850586,-5.2134147,-2.3170733,80.79269
6,0.8654785,-0.32666016,0.22192383,18.323172,-0.21341464,53.414635
6,1.1174316,-0.2277832,0.2709961,37.743904,18.47561,9.756098
6,1.0656738,-0.15161133,0.32739258,14.969513,14.756098,-14.481708
6,0.98413086,-0.1586914,0.3774414,-17.591463,5.487805,-37.743904
6,1.284668,-0.2685547,0.38793945,-29.87805,7.5914636,-74.45122
6,1.1809082,-0.36743164,0.4555664,-25.670732,-18.719513,-109.72561
6,0.90893555,-0.41674805,0.5500488,-9.02439,-38.384148,-123.84147
6,0.8779297,-0.359375,0.53149414,27.22561,-27.591465,-110.73171
6,0.8745117,-0.2290039,0.44921875,43.07927,-19.908537,-87.77439
6,0.8547363,-0.12402344,0.38208008,31.280489,-12.621951,-70.7622
6,0.79418945,-0.13427734,0.34716797,-4.115854,0.18292683,-48.993904
6,0.66064453,-0.15307617,0.34960938,-36.280487,1.9817073,-41.067074
6,0.6164551,-0.2331543,0.32543945,-86.64635,7.1341467,-41.463417
7,0.71728516,-0.36083984,0.25732422,-115.48781,24.664635,-38.47561
7,0.7766113,-0.41137695,0.25097656,-86.371956,22.256098,-36.25
7,0.78271484,-0.44580078,0.296875,-54.7561,18.90244,-39.72561
7,0.76416016,-0.47924805,0.3894043,2.3170733,5.121951,-42.19512
7,0.7578125,-0.4169922,0.43969727,15.54878,2.0731707,-44.05488
7,0.8666992,-0.4152832,0.46655273,19.115854,-4.512195,-51.615856
7,1.185791,-0.4267578,0.453125,11.646341,0.6402439,-47.439026
7,1.6054688,-0.46020508,0.5097656,1.7378049,-1.8292683,-38.47561
7,1.2651367,-0.4013672,0.46899414,-23.932928,-8.993902,-20.54878
7,0.8029785,-0.35766602,0.36108398,-26.554878,-1.2804878,39.817074
7,0.939209,-0.35791016,0.32763672,15.70122,-9.512196,68.53659
7,0.9267578,-0.36987305,0.2927246,54.817074,-10.091464,90.7622
7,1.0332031,-0.32861328,0.31176758,111.98171,-9.603659,127.22562
7,1.032959,-0.21704102,0.2434082,158.07927,-9.420732,133.44513
7,0.84228516,-0.039794922,0.26220703,136.5244,11.859756,112.65244
7,0.67626953,0.041748047,0.30273438,-64.11585,22.408537,117.621956
7,0.6435547,-0.26635742,0.17626953,-91.34147,-1.0060976,123.10976
7,0.6936035,-0.32348633,0.2163086,-39.115856,-8.231708,71.189026
7,0.7919922,-0.37475586,0.23388672,-6.3414636,6.0365853,46.25
7,0.8989258,-0.35717773,0.2043457,17.804878,13.841464,24.146341
7,1.0217285,-0.2758789,0.2536621,33.689026,19.481709,-3.902439
7,1.0515137,-0.19335938,0.34692383,23.414635,24.72561,-37.34756
7,1.0473633,-0.20800781,0.37670898,-6.9817076,18.841463,-50.060978
7,1.3291016,-0.27563477,0.38720703,-31.432928,17.621952,-71.55488
7,1.1555176,-0.37426758,0.47705078,-44.786587,-14.969513,-106.89024
7,0.85253906,-0.3894043,0.50268555,-43.475613,-24.87805,-105.701225
7,0.76123047,-0.3623047,0.44921875,-22.896341,-12.164635,-78.506096
7,0.8071289,-0.2783203,0.37329102,22.682928,-13.414635,-54.7561
7,0.8288574,-0.2211914,0.32885742,35.213417,-10.823171,-32.10366
7,0.7949219,-0.1875,0.31274414,38.23171,-7.2865853,-16.067074
8,0.6323242,-0.14086914,0.33203125,7.682927,-2.7134147,-9.237805
8,0.5842285,-0.19506836,0.3137207,-47.225613,4.3292685,-11.371951
8,0.64990234,-0.29052734,0.29785156,-85.914635,13.902439,-18.353659
8,0.7546387,-0.3881836,0.28198242,-77.5,13.597561,-23.506098
8,0.80371094,-0.46191406,0.27075195,-34.69512,8.658537,-29.085367
8,0.78344727,-0.44995117,0.34765625,11.463415,6.646342,-31.25
8,0.7873535,-0.42285156,0.44921875,38.35366,-7.408537,-42.10366
8,0.8991699,-0.4116211,0.46948242,43.140244,-9.3902445,-45.975613
8,0.9838867,-0.3305664,0.46313477,32.65244,-4.542683,-43.567074
8,1.4597168,-0.36572266,0.49365234,1.4939024,-3.323171,-40.365856
8,1.329834,-0.36132813,0.48950195,-26.40244,-4.4512196,-29.085367
8,0.8881836,-0.37060547,0.38623047,-45.823174,-0.51829267,1.2804878
8,0.9477539,-0.3894043,0.34423828,-5.518293,-1.0365853,43.993904
8,0.98535156,-0.39013672,0.32373047,39.878048,-5.5792685,64.02439
8,0.96191406,-0.38452148,0.28198242,66.097565,-6.25,81.371956
8,1,-0.2397461,0.29589844,103.2622,0,95.45732
8,0.82470703,-0.11767578,0.2590332,91.52439,1.4634147,119.42074
8,0.6711426,-0.06542969,0.23730469,56.40244,1.1890244,110.54878
8,0.66137695,-0.14038086,0.23413086,-39.512196,8.109756,100.36585
8,0.7687988,-0.3022461,0.21484375,-30.945122,-3.2012196,85
8,0.8244629,-0.28515625,0.22241211,-11.768293,6.097561,56.798782
8,0.9284668,-0.2878418,0.22802734,-4.72561,12.804878,36.52439
8,1.0693359,-0.2841797,0.27319336,8.384147,20.060976,10.426829
8,1.0998535,-0.22949219,0.32299805,11.8902445,24.695122,-13.1707325
8,1.0100098,-0.20458984,0.35058594,-13.353659,15.426829,-35.396343
8,1.3464355,-0.2919922,0.38330078,-25.15244,18.384148,-62.80488
8,1.2160645,-0.36523438,0.46655273,-26.524391,-7.1036587,-95.09147
8,0.7531738,-0.39282227,0.5593262,-18.658537,-34.359756,-99.085365
8,0.65112305,-0.37280273,0.5097656,7.012195,-24.634148,-81.097565
8,0.79052734,-0.30273438,0.43481445,44.969513,-19.969513,-57.987804
8,0.8796387,-0.13232422,0.33032227,59.146343,-14.237805,-25.365854
9,0.85791016,-0.03857422,0.3305664,47.957317,-10.152439,-15.487805
9,0.69140625,-0.040283203,0.3828125,13.597561,-9.786586,-13.262196
9,0.56274414,-0.15258789,0.36816406,-68.018295,-2.3170733,-18.719513
9,0.5986328,-0.2854004,0.31933594,-101.98171,15.182927,-16.920732
9,0.69189453,-0.34594727,0.30444336,-88.414635,15.426829,-19.481709
9,0.76660156,-0.41137695,0.3005371,-48.20122,12.042684,-20.57927
9,0.78637695,-0.42749023,0.36694336,-12.530488,9.237805,-22.469513
9,0.82470703,-0.38964844,0.42651367,4.7865853,-0.27439025,-24.32927
9,0.90527344,-0.43676758,0.42529297,12.865854,-10.121951,-24.115854
9,0.9963379,-0.38256836,0.45922852,17.591463,-10.365854,-28.841465
9,1.4807129,-0.46362305,0.48657227,17.804878,-12.591464,-21.768293
9,1.2702637,-0.33374023,0.53930664,12.835366,-8.04878,-26.707317
9,0.8195801,-0.29077148,0.43554688,-20.57927,-11.615854,9.176829
9,0.84887695,-0.29833984,0.3869629,-12.347561,3.902439,51.920734
9,1.0170898,-0.24560547,0.34326172,76.70732,-9.969512,72.19512
9,0.93359375,-0.27148438,0.3100586,87.68293,-9.02439,62.80488
9,0.94750977,-0.21606445,0.30688477,70.64024,14.542684,64.5122
9,0.72021484,-0.14208984,0.29663086,57.286587,6.402439,83.2622
9,0.62524414,-0.056396484,0.24243164,19.45122,4.908537,82.53049
9,0.58740234,-0.1550293,0.19824219,-37.2561,12.042684,71.189026
9,0.77734375,-0.2578125,0.21142578,-17.439024,0.70121956,44.634148
9,0.8317871,-0.28564453,0.19580078,-4.908537,10.152439,25.304878
9,0.8703613,-0.27978516,0.1953125,-8.04878,13.04878,6.7073174
9,1.0776367,-0.2734375,0.27270508,2.4390244,18.07927,-21.82927
9,1.1838379,-0.20361328,0.30810547,3.8109758,23.90244,-41.463417
9,1.0527344,-0.1574707,0.34716797,-25.57927,14.634147,-54.939026
9,1.3989258,-0.2849121,0.3569336,-57.164635,17.042683,-73.47561
9,1.2905273,-0.3605957,0.4086914,-56.82927,-0.06097561,-88.871956
9,0.85791016,-0.38330078,0.4802246,-47.560978,-30.518293,-90.57927
9,0.69750977,-0.43579102,0.5161133,6.7073174,-26.067074,-54.298782
9,0.751709,-0.34204102,0.46484375,67.68293,-27.195122,-20.335367
10,0.8449707,-0.16040039,0.35424805,88.93293,-22.22561,12.682927
10,0.87353516,0.044189453,0.3100586,58.689026,-1.3719512,21.890244
10,0.70996094,0.041259766,0.36328125,5.0914636,0.21341464,12.591464
10,0.58691406,-0.0703125,0.34228516,-61.0061,5.518293,2.2256098
10,0.6242676,-0.3017578,0.2998047,-114.451225,27.682928,-2.2256098
10,0.717041,-0.41064453,0.31176758,-83.78049,26.554878,-1.8597561
10,0.7944336,-0.43969727,0.33569336,-34.45122,22.286587,-16.67683
10,0.7573242,-0.3864746,0.38427734,5.152439,10.335366,-21.371952
10,0.79296875,-0.37329102,0.42236328,24.512196,2.4390244,-25.457317
10,0.8679199,-0.3359375,0.45483398,30.97561,-0.33536586,-32.896343
10,1.0070801,-0.31079102,0.45703125,14.268293,-0.15243903,-34.542683
10,1.3356934,-0.33422852,0.44848633,-1.3719512,2.682927,-35.609756
10,1.5002441,-0.3779297,0.5095215,-16.79878,0.18292683,-40.670734
10,0.83374023,-0.33520508,0.42895508,-48.323174,-1.4024391,-11.067074
10,0.7763672,-0.34838867,0.33032227,-39.69512,7.1951222,28.658537
10,1.0065918,-0.328125,0.3178711,16.79878,0.45731708,41.463417
10,0.90234375,-0.3330078,0.2709961,53.75,-3.4756098,61.98171
10,0.9172363,-0.28808594,0.26586914,69.5122,-1.25,69.664635
10,0.81030273,-0.18530273,0.26953125,75,0.030487806,77.28659
10,0.6425781,-0.12402344,0.2692871,33.90244,-1.25,81.46342
10,0.6726074,-0.19384766,0.24414063,-13.902439,2.2560976,71.70732
10,0.7841797,-0.2541504,0.23510742,-18.62805,-0.24390244,54.207317
10,0.83813477,-0.26171875,0.23535156,-0.12195122,6.920732,38.719513
10,0.8703613,-0.2475586,0.2487793,4.878049,8.628049,24.72561
10,0.9543457,-0.22949219,0.2841797,10.121951,11.432927,7.987805
10,1.1159668,-0.23022461,0.35205078,8.20122,15.97561,-18.689024
10,1.0461426,-0.19970703,0.37573242,-8.231708,14.72561,-34.57317
10,1.177002,-0.22192383,0.37036133,-25.731709,12.804878,-48.35366
10,1.2744141,-0.34814453,0.4416504,-27.073172,0.09146342,-78.10976
10,0.94140625,-0.38427734,0.5280762,-18.47561,-28.780489,-94.02439
10,0.73950195,-0.41186523,0.5527344,-3.780488,-26.859756,-84.35976
11,0.76171875,-0.32055664,0.48950195,39.72561,-19.146341,-49.359756
11,0.8054199,-0.15283203,0.39990234,53.75,-15.121952,-20.15244
11,0.8083496,-0.015380859,0.33276367,41.98171,-4.9695125,4.268293
11,0.6916504,-0.001220703,0.36035156,10.54878,-1.9207318,11.128049
11,0.5776367,-0.056884766,0.36083984,-39.420734,1.6158537,9.115854
11,0.59375,-0.17626953,0.31347656,-89.05488,15.243903,1.3109757
11,0.7089844,-0.3383789,0.2849121,-85.45732,23.658537,2.1646342
11,0.79125977,-0.37573242,0.3305664,-42.65244,16.615854,-7.77439
11,0.74560547,-0.34960938,0.37524414,-8.445122,9.817074,-13.018293
11,0.8015137,-0.37475586,0.44702148,19.603659,-5.4573174,-21.82927
11,0.888916,-0.38085938,0.4987793,37.439026,-10.54878,-28.292683
11,0.96777344,-0.33398438,0.5102539,36.82927,-13.689025,-31.79878
11,1.3574219,-0.32836914,0.5065918,12.621951,-4.390244,-37.10366
11,1.465332,-0.32983398,0.5554199,-7.042683,-7.5914636,-38.5061
11,0.9526367,-0.29785156,0.50219727,-36.463417,-12.957317,-22.743902
11,0.81152344,-0.3503418,0.40844727,-29.146341,1.8292683,26.09756
11,1.0239258,-0.33935547,0.37939453,21.25,-3.7195122,44.146343
11,0.9477539,-0.3347168,0.31469727,59.05488,-6.7987804,61.371952
11,0.86572266,-0.28442383,0.27783203,94.96951,-3.8109758,73.597565
11,0.75,-0.1706543,0.29174805,99.14635,-4.9390244,78.689026
11,0.65625,-0.08300781,0.2866211,65.79269,-7.378049,78.04878
11,0.6557617,-0.11987305,0.24804688,-23.536587,4.1463413,66.89024
11,0.72924805,-0.2783203,0.22265625,-20.54878,-6.432927,64.35976
11,0.8227539,-0.27124023,0.22094727,3.7195122,2.2256098,43.932926
11,0.89453125,-0.23950195,0.23168945,9.420732,8.963415,28.780489
11,1.010498,-0.21875,0.27001953,10.762196,11.707317,12.134147
11,1.1809082,-0.20141602,0.328125,2.8048782,18.90244,-7.896342
11,1.1052246,-0.1472168,0.36938477,-30.884148,12.317074,-26.890245
11,1.2653809,-0.20239258,0.37548828,-54.60366,10.945122,-43.871952
11,1.3876953,-0.29418945,0.40771484,-56.15854,2.1036587,-65.426834
11,0.857666,-0.3659668,0.52441406,-35.457317,-37.713417,-81.25
12,0.63134766,-0.37548828,0.5358887,-1.7378049,-33.963417,-71.82927
12,0.71899414,-0.3215332,0.4699707,41.15854,-24.695122,-52.286587
12,0.8640137,-0.12158203,0.35302734,77.13415,-17.591463,-13.810976
12,0.88305664,0.005859375,0.31323242,58.140244,-8.963415,0.7621951
12,0.79174805,0.028808594,0.35424805,19.024391,1.8597561,-1.0670732
12,0.6340332,-0.088134766,0.3786621,-49.420734,5.365854,-3.323171
12,0.62475586,-0.23242188,0.36914063,-91.097565,18.04878,-13.384147
12,0.69262695,-0.33911133,0.33520508,-94.664635,27.103659,-14.085366
12,0.7624512,-0.37280273,0.3383789,-42.286587,22.286587,-14.542684
12,0.75097656,-0.32543945,0.36254883,-12.317074,15.6707325,-17.865854
12,0.7849121,-0.33935547,0.39526367,-6.554878,7.9573174,-19.054878
12,0.9067383,-0.36035156,0.453125,-0.6707317,0.18292683,-26.189026
12,1.0166016,-0.38134766,0.4465332,-6.3109756,-1.9207318,-26.524391
12,1.3623047,-0.43652344,0.4645996,-13.445123,-0.79268295,-33.871952
12,1.3369141,-0.40942383,0.49365234,-14.786586,-3.5365853,-35.548782
12,0.8688965,-0.35595703,0.42260742,-27.957317,-11.036586,-6.737805
12,0.82299805,-0.34155273,0.36206055,-8.567074,-2.1646342,35.97561
12,0.9499512,-0.31567383,0.33325195,70.70122,-7.896342,51.432926
12,0.9135742,-0.31225586,0.2932129,90.88415,-12.103659,53.323174
12,0.87597656,-0.28100586,0.28344727,92.37805,-5.0609756,65
12,0.75390625,-0.14819336,0.26245117,80.94512,-7.652439,81.768295
12,0.6401367,-0.056640625,0.24951172,46.82927,9.664635,68.90244
12,0.6687012,-0.12866211,0.24291992,-11.036586,6.097561,76.52439
12,0.77124023,-0.28564453,0.23486328,-3.3536587,2.8048782,49.420734
12,0.8125,-0.28222656,0.21801758,2.1341465,12.987805,38.65854
12,0.85595703,-0.26953125,0.23925781,-2.7134147,16.25,25.182928
12,1.0625,-0.24291992,0.29052734,3.5975611,22.987806,4.1768293
12,1.1811523,-0.17138672,0.29736328,-6.3414636,30.518293,-9.45122
12,1.041748,-0.11767578,0.3239746,-42.80488,20.640244,-21.95122
12,1.4726563,-0.2993164,0.3515625,-68.90244,19.573172,-47.164635
13,1.2912598,-0.35986328,0.4326172,-68.29269,-2.1341465,-74.78659
13,0.8300781,-0.41455078,0.5114746,-62.83537,-27.987806,-84.451225
13,0.64038086,-0.42749023,0.47460938,-17.92683,-15.914635,-61.463417
13,0.8137207,-0.32421875,0.40039063,31.707317,-16.920732,-39.085365
13,0.7717285,-0.16259766,0.32470703,56.52439,-19.634148,-10.70122
13,0.7866211,-0.04638672,0.27026367,54.237804,-8.689025,9.786586
13,0.7314453,-0.037109375,0.3251953,28.689026,-3.5365853,8.810976
13,0.66259766,-0.10498047,0.33935547,-20.762196,-4.054878,-4.4817076
13,0.7363281,-0.3413086,0.31054688,-77.439026,16.280489,-23.170732
13,0.76586914,-0.41748047,0.32788086,-65.426834,17.774391,-26.646341
13,0.7866211,-0.3935547,0.36157227,-33.018295,9.756098,-34.115856
13,0.7194824,-0.37817383,0.3815918,-0.30487806,1.8292683,-33.414635
13,0.7753906,-0.41210938,0.41186523,14.237805,-0.8231708,-31.371952
13,0.86157227,-0.3876953,0.45288086,21.615854,-2.682927,-30.70122
13,0.9746094,-0.3322754,0.39086914,10.884147,8.932927,-32.5
13,1.4428711,-0.39526367,0.42700195,-8.384147,4.4817076,-29.390245
13,1.5522461,-0.41137695,0.5070801,-17.134148,4.6036587,-31.158537
13,0.8708496,-0.36767578,0.42211914,-48.932926,1.0670732,12.317074
13,0.90649414,-0.3894043,0.36669922,-27.713415,5.0914636,44.146343
13,0.98828125,-0.34765625,0.38916016,41.798782,-6.920732,71.585365
13,0.83154297,-0.27246094,0.28808594,127.98781,-20.182928,85.914635
13,0.85546875,-0.18286133,0.2944336,131.43292,-8.079268,54.512196
13,0.80126953,-0.13696289,0.29638672,72.40854,2.5,74.39024
13,0.63134766,-0.072509766,0.2685547,46.98171,-12.469513,93.414635
13,0.5661621,-0.1418457,0.18603516,-5.8841467,10.335366,71.98171
13,0.6323242,-0.22314453,0.2121582,-8.993902,-9.786586,73.65854
13,0.69750977,-0.32592773,0.22631836,22.804878,-2.682927,26.219513
13,0.9169922,-0.36816406,0.22216797,22.560976,11.79878,10.27439
13,1.1826172,-0.32470703,0.29125977,15.243903,27.286587,-12.469513
13,1.1977539,-0.15014648,0.31152344,-7.9573174,39.542683,-41.036587
13,1.1005859,-0.06591797,0.32495117,-62.34756,34.878048,-50.182926
14,1.3474121,-0.1784668,0.36914063,-109.939026,33.17073,-62.65244
14,1.2167969,-0.3840332,0.4116211,-111.31098,2.987805,-74.42073
14,0.90625,-0.48364258,0.53100586,-79.756096,-17.682928,-73.78049
14,0.6970215,-0.4777832,0.56933594,-12.987805,-28.262196,-54.87805
14,0.6789551,-0.27319336,0.4482422,71.371956,-24.634148,-22.439026
14,0.75805664,-0.10424805,0.34887695,85.88415,-22.92683,-3.2012196
14,0.8244629,-0.016601563,0.34521484,56.615856,-13.292684,-2.5914636
14,0.70947266,-0.06933594,0.3798828,-9.176829,3.780488,-14.237805
14,0.6237793,-0.19018555,0.35913086,-57.83537,9.939025,-25.060976
14,0.63842773,-0.31591797,0.35546875,-97.164635,20.365854,-30.487806
14,0.66552734,-0.39257813,0.3479004,-86.70732,23.689026,-18.170732
14,0.68310547,-0.42773438,0.34204102,-30.914635,13.47561,-19.542683
14,0.7011719,-0.40527344,0.3642578,5.0609756,5.2134147,-18.963415
14,0.71533203,-0.38964844,0.39697266,35.15244,-5.914634,-22.37805
14,0.80908203,-0.3400879,0.43774414,29.664635,1.8292683,-24.87805
14,1.0075684,-0.3305664,0.46899414,6.402439,-0.945122,-35.365856
14,1.3486328,-0.39892578,0.49536133,-24.72561,-2.957317,-36.40244
14,1.4267578,-0.43676758,0.51416016,-38.993904,-5.121951,-29.17683
14,0.97021484,-0.38964844,0.45996094,-43.35366,-9.634147,-10.579268
14,0.8354492,-0.42651367,0.35498047,-10.365854,-5.5487804,30.731709
14,1.0046387,-0.41015625,0.3400879,41.15854,-7.1951222,44.298782
14,0.9519043,-0.3930664,0.3017578,73.71951,-10.152439,60.365856
14,0.96313477,-0.31762695,0.2919922,103.53659,-6.128049,71.097565
14,0.85546875,-0.2397461,0.29223633,113.17073,-10.060976,89.11585
14,0.7023926,-0.07348633,0.2602539,65.335365,1.6768293,71.189026
14,0.6311035,-0.15893555,0.20996094,-2.4390244,-3.2926831,86.768295
14,0.6801758,-0.2487793,0.19873047,-10.579268,-5.365854,67.68293
14,0.7302246,-0.30151367,0.20678711,-0.57926834,-6.8597565,58.170734
14,0.8249512,-0.31152344,0.2211914,18.47561,-1.8292683,38.07927
14,1.0351563,-0.29467773,0.27246094,32.743904,2.7439024,20.030489
15,1.2375488,-0.2133789,0.32714844,32.2561,13.1707325,-3.3536587
15,1.0734863,-0.07861328,0.37670898,-15.792684,9.634147,-19.756098
15,1.1525879,-0.111572266,0.39819336,-53.78049,9.634147,-32.042683
15,1.4575195,-0.27807617,0.40551758,-61.189026,4.02439,-57.65244
15,0.9995117,-0.43310547,0.5024414,-22.92683,-36.585365,-85.121956
15,0.7248535,-0.43188477,0.54785156,34.634148,-37.896343,-80.67073
15,0.7314453,-0.28173828,0.5131836,82.89635,-26.554878,-62.469513
15,0.8779297,-0.027832031,0.4560547,82.86585,-13.506098,-39.268295
15,0.8881836,0.046142578,0.4152832,26.036587,-0.4878049,-20.57927
15,0.77856445,0.018798828,0.3881836,-33.109756,12.896341,-18.384148
15,0.6057129,-0.10107422,0.3383789,-106.89024,20.640244,-18.292683
15,0.60253906,-0.25610352,0.28149414,-141.09756,29.32927,-20.274391
15,0.6672363,-0.37695313,0.2536621,-113.689026,34.939026,-17.164635
15,0.76416016,-0.4140625,0.2788086,-30.945122,30.091465,-21.006098
15,0.79833984,-0.37548828,0.34277344,8.47561,21.40244,-25.182928
15,0.8000488,-0.34692383,0.4338379,16.341463,9.756098,-28.20122
15,0.76708984,-0.3557129,0.47875977,-10.182927,-0.06097561,-35.396343
15,0.8720703,-0.41723633,0.4555664,-31.310976,-0.21341464,-40.121952
15,1.1113281,-0.49121094,0.42163086,-26.189026,-0.06097561,-35.243904
15,1.489502,-0.48876953,0.46826172,-6.25,-2.1341465,-31.585367
15,1.048584,-0.41235352,0.4338379,-20.884148,-9.878049,-10.518293
15,0.83374023,-0.38623047,0.3466797,-17.896341,-3.2926831,30.457317
15,1.0603027,-0.36450195,0.32299805,31.12805,-9.603659,58.93293
15,0.9272461,-0.36279297,0.2614746,56.036587,-15.487805,77.835365
15,0.8779297,-0.33007813,0.26538086,83.07927,-18.04878,92.2561
15,0.8317871,-0.15161133,0.2578125,81.310974,-2.0731707,94.29878
15,0.7277832,-0.03955078,0.2409668,49.45122,-5.182927,106.40244
15,0.66015625,-0.09765625,0.23657227,6.0670733,-6.280488,98.81098
15,0.68188477,-0.2109375,0.23535156,-18.20122,-9.45122,70.7622
15,0.7199707,-0.2841797,0.22338867,-15.060976,-6.52439,49.02439
15,0.7692871,-0.3293457,0.21484375,2.4085367,-6.097561,25.487806
16,0.9641113,-0.33764648,0.27026367,41.15854,-3.4756098,-3.2012196
16,1.2026367,-0.30566406,0.33203125,63.536587,6.158537,-24.29878
16,1.1665039,-0.19921875,0.37939453,57.987804,3.6585367,-35.57927
16,1.2866211,-0.15478516,0.38476563,13.719513,4.4512196,-46.341465
16,1.4267578,-0.19067383,0.44921875,-18.170732,-0.30487806,-67.5
16,1.0515137,-0.27978516,0.5065918,-48.932926,-28.963415,-80.7622
16,0.7495117,-0.35839844,0.50634766,-53.90244,-20.182928,-71.25
16,0.7597656,-0.35351563,0.4699707,-21.40244,-16.95122,-55.548782
16,0.76782227,-0.2697754,0.40698242,14.695123,-15.304878,-36.82927
16,0.80493164,-0.12060547,0.3413086,34.05488,-3.0792685,-7.3170733
16,0.7504883,-0.053466797,0.34985352,23.353659,4.908537,1.2195122
16,0.62158203,-0.04711914,0.33813477,-19.908537,10,0.8231708
16,0.64453125,-0.16845703,0.3022461,-94.29878,22.92683,-12.865854
16,0.7348633,-0.31323242,0.28808594,-96.73781,27.713415,-13.1707325
16,0.75927734,-0.3791504,0.30786133,-58.75,22.439026,-15.6707325
16,0.7175293,-0.40039063,0.35620117,-7.682927,8.628049,-24.359756
16,0.7529297,-0.3942871,0.40112305,18.993902,-2.0731707,-28.932928
16,0.84643555,-0.40283203,0.45117188,35.914635,-6.402439,-38.414635
16,0.9733887,-0.34643555,0.44189453,30.914635,-9.573171,-45.609756
16,1.1977539,-0.35986328,0.4267578,14.847561,-3.2012196,-41.40244
16,1.565918,-0.4050293,0.49682617,8.932927,-6.920732,-39.969513
16,0.9824219,-0.3540039,0.48120117,-23.780489,-8.536586,-16.09756
16,0.7729492,-0.33544922,0.37304688,-34.90854,4.4512196,28.292683
16,1.0036621,-0.33129883,0.35839844,1.6463416,1.3109757,47.682926
16,0.9301758,-0.32226563,0.2919922,38.841465,-1.2804878,72.98781
16,0.8972168,-0.31689453,0.24389648,54.84756,-5,82.37805
16,0.84594727,-0.23999023,0.2434082,72.95732,-10.396341,89.60366
16,0.67749023,-0.11669922,0.23291016,60.03049,-3.140244,79.14635
16,0.6135254,-0.13671875,0.22387695,6.0365853,-4.542683,88.414635
16,0.736084,-0.24438477,0.20288086,0,-16.554878,67.04269
16,0.84375,-0.23803711,0.20458984,9.72561,-1.7378049,42.34756
17,0.8483887,-0.2529297,0.22631836,9.054878,-3.1707318,28.384148
17,0.91748047,-0.2487793,0.26635742,19.512196,-1.4939024,11.219513
17,1.1564941,-0.1784668,0.3425293,25.57927,10.6402445,-11.097561
17,1.1289063,-0.1184082,0.37963867,3.445122,9.634147,-28.140245
17,1.1318359,-0.13696289,0.39111328,-28.536587,3.6585367,-42.682926
17,1.498291,-0.2915039,0.42089844,-36.67683,5.914634,-71.43293
17,1.0288086,-0.34448242,0.48291016,-29.085367,-29.45122,-84.5122
17,0.68408203,-0.36499023,0.49951172,-12.256098,-31.09756,-79.664635
17,0.7336426,-0.29736328,0.42260742,25.182928,-15,-48.384148
17,0.8208008,-0.18139648,0.34301758,41.890244,-11.707317,-24.146341
17,0.82910156,-0.05883789,0.27270508,38.810978,-5.396342,0.33536586
17,0.8017578,-0.025146484,0.30395508,18.109756,4.115854,5.6097565
17,0.703125,-0.08276367,0.3408203,-25.823172,5,5.762195
17,0.66308594,-0.21508789,0.33764648,-72.439026,12.804878,0.36585367
17,0.6945801,-0.3486328,0.30517578,-77.89635,25.243902,0.15243903
17,0.73535156,-0.34106445,0.33081055,-53.44512,20.731709,-4.1463413
17,0.76000977,-0.32714844,0.3552246,-38.567074,17.987804,-10.030488
17,0.7751465,-0.38598633,0.3996582,-33.75,7.560976,-13.292684
17,0.8173828,-0.42749023,0.4206543,-38.384148,2.2256098,-12.865854
17,0.91259766,-0.47265625,0.3942871,-40.762196,-3.1097562,-12.865854
17,1.0256348,-0.5,0.37304688,-26.463415,-4.542683,-11.341464
17,1.3718262,-0.56225586,0.3955078,-21.615854,-3.6890244,-16.189024
17,1.1706543,-0.52783203,0.39233398,-20.42683,-9.573171,-16.554878
17,0.77685547,-0.44702148,0.27197266,-19.603659,-8.902439,15.182927
17,0.8955078,-0.40698242,0.25219727,1.6463416,-13.1402445,38.932926
17,0.9831543,-0.40307617,0.24682617,45.640244,-19.512196,51.09756
17,0.9362793,-0.35424805,0.18774414,96.61585,-28.140245,59.969513
17,0.9309082,-0.2692871,0.1875,123.81098,-32.286587,60.670734
17,0.78881836,-0.2626953,0.16015625,119.7561,-4.9390244,69.54269
17,0.61450195,-0.08203125,0.22827148,67.07317,-27.195122,58.810978
18,0.65893555,-0.20532227,0.23095703,10.823171,-15.304878,52.65244
18,0.79589844,-0.28100586,0.21386719,25.15244,-15.457317,35.762196
18,0.8347168,-0.24487305,0.2319336,27.591465,-0.73170733,10.27439
18,0.9482422,-0.23803711,0.21606445,2.8048782,7.012195,3.2012196
18,1.1162109,-0.24731445,0.28125,-16.524391,20.457317,-14.603659
18,1.1677246,-0.20727539,0.3383789,-25.762196,23.993902,-32.469513
18,1.1604004,-0.18603516,0.36621094,-45.670734,19.939024,-36.036587
18,1.4108887,-0.2644043,0.38891602,-58.75,18.07927,-51.737804
18,1.1193848,-0.3864746,0.5202637,-56.189026,-13.536586,-87.98781
18,0.79345703,-0.48046875,0.56640625,-45.640244,-32.10366,-93.38415
18,0.68652344,-0.40844727,0.45629883,0.33536586,2.4390244,-51.036587
18,0.7861328,-0.23510742,0.33276367,62.19512,0.24390244,-33.719513
18,0.88256836,-0.040771484,0.27954102,60.670734,2.9268293,-19.17683
18,0.8469238,0.026611328,0.28344727,25,14.146341,-8.323171
18,0.68530273,-0.040771484,0.27612305,-38.780487,14.72561,-4.664634
18,0.6472168,-0.15356445,0.26391602,-81.06708,22.317074,-11.402439
18,0.6796875,-0.2631836,0.24121094,-99.5122,33.23171,-7.408537
18,0.74243164,-0.33984375,0.24121094,-76.12805,30.182928,-4.390244
18,0.78125,-0.34936523,0.26733398,-47.042683,23.47561,-9.573171
18,0.7770996,-0.3725586,0.31567383,-16.95122,9.634147,-16.158537
18,0.7832031,-0.4465332,0.39282227,17.804878,-5.97561,-24.817074
18,0.8613281,-0.44848633,0.45458984,35.121952,-8.719512,-33.384148
18,0.97094727,-0.40649414,0.4650879,34.512196,-8.932927,-36.432926
18,1.4824219,-0.3684082,0.51464844,17.37805,-3.4146342,-48.993904
18,1.2705078,-0.32861328,0.49780273,-28.170732,-11.676829,-38.628048
18,0.7858887,-0.34838867,0.4116211,-68.018295,-4.6341467,-4.542683
18,0.9309082,-0.4362793,0.36376953,-39.085365,0.79268295,46.067074
18,1.0383301,-0.44458008,0.33789063,14.054878,-5.914634,68.10976
18,0.9362793,-0.39990234,0.28588867,50.518295,-11.341464,80.30488
18,0.9187012,-0.25561523,0.2541504,78.29269,-14.939025,90.27439
19,0.7661133,-0.21728516,0.2397461,90.85366,-15.945123,87.926834
19,0.6599121,-0.087646484,0.23803711,52.65244,-14.268293,78.810974
19,0.68652344,-0.27392578,0.21606445,-32.286587,-13.323171,81.28049
19,0.77490234,-0.3293457,0.1875,3.932927,-16.79878,62.469513
19,0.7714844,-0.2722168,0.19799805,28.109756,-4.2073174,46.12805
19,0.982666,-0.26245117,0.21557617,29.908537,2.8963416,25.945122
19,1.1789551,-0.2541504,0.26098633,27.713415,14.573171,11.859756
19,1.1582031,-0.17773438,0.29345703,23.231709,18.810976,-4.9695125
19,1.0898438,-0.12695313,0.34350586,-10.914635,12.591464,-31.79878
19,1.2653809,-0.23779297,0.3779297,-28.932928,12.5,-55.42683
19,1.1877441,-0.36645508,0.46655273,-27.012196,-8.658537,-86.73781
19,0.8010254,-0.4663086,0.6274414,-2.3475611,-33.628048,-107.07317
19,0.673584,-0.43481445,0.5932617,27.682928,-25.853659,-89.72561
19,0.7910156,-0.30151367,0.48266602,56.15854,-12.103659,-55
19,0.9016113,-0.0234375,0.34838867,56.371952,-0.85365856,-22.195122
19,0.87060547,0.1027832,0.33544922,23.506098,7.560976,-15.54878
19,0.7390137,0.07495117,0.34985352,-27.195122,9.878049,-18.07927
19,0.609375,-0.09350586,0.2956543,-105.82317,22.012196,-14.878049
19,0.5944824,-0.2253418,0.28173828,-130.21342,36.52439,-9.786586
19,0.64624023,-0.31103516,0.2722168,-121.25,41.920734,-3.5670733
19,0.7363281,-0.40625,0.31298828,-89.57317,36.25,-7.5914636
19,0.7336426,-0.41552734,0.3449707,-54.939026,25.57927,-17.22561
19,0.7585449,-0.41748047,0.38842773,-28.536587,15.304878,-30.518293
19,0.8701172,-0.46362305,0.42138672,-8.292683,2.7743902,-51.798782
19,0.98999023,-0.46289063,0.4284668,-5.2439027,-3.2926831,-61.55488
19,1.322998,-0.5847168,0.4345703,3.7195122,-7.3170733,-63.871952
19,1.3955078,-0.56152344,0.49902344,35.82317,-19.908537,-60.30488
19,0.8623047,-0.41430664,0.4423828,26.707317,-22.957317,-25.70122
19,0.72094727,-0.36132813,0.38085938,26.25,-16.79878,25.792683
19,0.95458984,-0.33251953,0.33984375,67.347565,-17.439024,61.95122
19,0.91015625,-0.3486328,0.3244629,97.40854,-15.884147,82.0122
20,0.9951172,-0.2956543,0.34326172,119.48171,-12.560976,101.493904
20,0.81811523,-0.110839844,0.30078125,110.79269,10.213415,113.5061
20,0.732666,-0.036621094,0.33862305,52.164635,5.487805,103.93293
20,0.7631836,-0.076660156,0.32348633,-42.713417,19.84756,88.689026
20,0.8129883,-0.32666016,0.2409668,-51.432926,6.3109756,93.62805
20,0.8479004,-0.2763672,0.24389648,-23.90244,12.926829,59.542683
20,0.9416504,-0.29833984,0.23095703,-17.621952,20.884148,49.817074
20,1.0646973,-0.25927734,0.25268555,1.2195122,29.29878,26.25
20,1.0668945,-0.17504883,0.28979492,-0.79268295,31.219513,0.42682928
20,0.9494629,-0.14624023,0.30932617,-23.871952,26.189026,-22.774391
20,1.2331543,-0.27148438,0.3173828,-49.02439,25,-60.42683
20,1.182373,-0.38012695,0.37890625,-44.05488,3.3536587,-92.560974
20,0.875,-0.41088867,0.4724121,-27.073172,-22.896341,-108.201225
20,0.76000977,-0.37426758,0.50756836,9.908537,-25.243902,-87.31708
20,0.83447266,-0.31152344,0.45239258,48.35366,-23.932928,-58.65854
20,0.8935547,-0.2019043,0.39916992,75.15244,-26.40244,-33.47561
20,0.82788086,-0.006103516,0.36254883,58.44512,-18.109756,-18.414635
20,0.67700195,0.020019531,0.37231445,8.536586,-14.115854,-18.292683
20,0.60791016,-0.10522461,0.37182617,-49.085365,-6.7987804,-27.042683
20,0.6591797,-0.31274414,0.34350586,-77.31708,12.926829,-31.890245
20,0.6879883,-0.38085938,0.33032227,-59.573174,19.512196,-22.5
20,0.73339844,-0.39916992,0.32543945,-33.32317,17.591463,-25.609756
20,0.8000488,-0.38989258,0.40673828,-9.02439,6.768293,-28.658537
20,0.873291,-0.42993164,0.46850586,-6.0670733,0.6097561,-35.15244
20,0.9550781,-0.45166016,0.48657227,-5.762195,-2.7134147,-38.140244
20,1.0126953,-0.40527344,0.44262695,-7.3170733,0.5487805,-31.79878
20,1.2578125,-0.44750977,0.44995117,-0.8231708,-1.2195122,-25.030489
20,1.3483887,-0.41992188,0.50634766,10.27439,-4.908537,-16.981709
20,0.7751465,-0.31298828,0.4243164,-14.542684,-8.506098,18.59756
20,0.7338867,-0.33666992,0.36645508,-12.103659,-4.420732,52.2561
20,1.0473633,-0.38745117,0.36987305,33.5061,-6.4939027,63.20122
21,1.0100098,-0.3227539,0.31713867,75.64024,-5.8231707,82.347565
21,1.0478516,-0.26391602,0.30493164,107.86586,-13.628049,97.68293
21,0.892334,-0.18969727,0.29223633,133.04878,7.560976,97.95732
21,0.6911621,0.016845703,0.34375,42.40854,12.012196,75.36585
21,0.6711426,-0.07128906,0.2956543,-62.042683,10.457317,77.5
21,0.6838379,-0.31982422,0.22827148,-59.32927,-0.4878049,81.006096
21,0.77075195,-0.27783203,0.24560547,-10.97561,6.646342,43.140244
21,0.8244629,-0.3095703,0.2277832,-0.91463417,11.158537,34.359756
21,0.890625,-0.29492188,0.23999023,15.731708,14.176829,18.993902
21,1.0859375,-0.23852539,0.3203125,24.87805,21.158537,-13.536586
21,1.0327148,0.063964844,0.025390625,4.847561,19.237804,-36.0061
21,1.1401367,-0.22167969,0.37475586,-25.640245,15.97561,-52.77439
21,1.3388672,-0.3059082,0.42358398,-44.45122,6.158537,-90.121956
21,1.0356445,-0.39941406,0.49438477,-44.60366,-24.481709,-109.54269
21,0.74243164,-0.42358398,0.52905273,-27.103659,-29.32927,-100.79269
21,0.8203125,-0.35791016,0.47460938,24.72561,-12.042684,-70.73171
21,0.9367676,-0.18652344,0.40429688,53.170734,-8.902439,-38.993904
21,0.8979492,0.030273438,0.35424805,41.128048,-7.4695125,-12.926829
21,0.75634766,0.09326172,0.38256836,-1.0670732,1.4939024,-9.420732
21,0.63061523,0.002197266,0.39624023,-48.292683,1.4024391,-15.152439
21,0.5744629,-0.16259766,0.36132813,-103.44512,13.018293,-22.256098
21,0.6418457,-0.32055664,0.29223633,-117.28659,33.018295,-20.731709
21,0.7216797,-0.36669922,0.28857422,-70.21342,27.92683,-28.170732
21,0.7597656,-0.38720703,0.32104492,-19.969513,20.304878,-35.884148
21,0.7236328,-0.35888672,0.37231445,11.036586,7.0731707,-42.865856
21,0.8186035,-0.37353516,0.4091797,23.689026,-1.6768293,-51.036587
21,0.92407227,-0.34594727,0.44555664,27.408537,-6.280488,-59.542683
21,1.1174316,-0.32885742,0.46069336,-3.4756098,-5.487805,-60.48781
21,1.3820801,-0.42895508,0.5004883,-24.84756,-7.7134147,-54.298782
21,1.2932129,-0.46679688,0.5397949,-24.664635,-15.884147,-35.548782
21,0.828125,-0.33789063,0.46606445,-25.518293,-10.365854,14.908537
22,0.8967285,-0.32470703,0.40356445,-6.432927,-9.664635,47.073174
22,0.9375,-0.31860352,0.359375,38.5061,-11.554878,75.18293
22,0.9680176,-0.3330078,0.328125,84.42073,-8.567074,99.23781
22,0.99072266,-0.24267578,0.33642578,104.32927,-2.1646342,107.5
22,0.83496094,-0.14282227,0.34057617,99.176834,-1.3719512,125.518295
22,0.7290039,-0.07836914,0.30517578,41.40244,9.817074,112.71342
22,0.7746582,-0.1940918,0.30322266,9.756098,0.4878049,113.53659
22,0.83032227,-0.2734375,0.28027344,6.3719516,3.780488,90.85366
22,0.81762695,-0.23657227,0.2529297,-1.3414634,9.878049,69.05488
22,0.81933594,-0.21191406,0.24609375,-1.0670732,12.682927,45.365856
22,1.0209961,-0.19140625,0.2841797,6.1890244,22.5,17.286585
22,1.123291,-0.06323242,0.34375,-10.365854,37.042683,-21.737806
22,1.0759277,-0.076171875,0.36621094,-50.975613,28.292683,-41.890244
22,1.3679199,-0.18896484,0.35546875,-71.310974,32.682926,-65.15244
22,1.123291,-0.32617188,0.4362793,-57.5,-9.085366,-95.914635
22,0.8461914,-0.43945313,0.5317383,-27.682928,-26.920732,-102.65244
22,0.80493164,-0.38330078,0.5061035,18.47561,-18.59756,-91.40244
22,0.8774414,-0.2277832,0.41625977,70.73171,-25.274391,-62.286587
22,0.7963867,-0.0859375,0.36669922,71.82927,-28.20122,-40.182926
22,0.7573242,-0.030273438,0.36035156,50.27439,-16.67683,-24.542683
22,0.6533203,-0.06958008,0.36645508,-7.5,-7.164634,-22.591463
22,0.6176758,-0.115234375,0.38427734,-62.225613,5.97561,-27.34756
22,0.6374512,-0.23779297,0.3708496,-86.92073,19.29878,-34.48171
22,0.6879883,-0.33935547,0.37768555,-65.60976,19.664635,-32.560978
22,0.76464844,-0.36401367,0.4091797,-41.585365,14.695123,-38.07927
22,0.7944336,-0.35473633,0.44726563,-23.170732,7.9573174,-39.7561
22,0.8640137,-0.39160156,0.48999023,0.21341464,-1.1280488,-41.707317
22,0.9008789,-0.4169922,0.49853516,9.603659,-2.3170733,-44.90854
22,1.0097656,-0.36767578,0.49023438,5.518293,-2.835366,-48.140244
22,1.6098633,-0.42236328,0.5217285,-9.329268,5.792683,-49.634148
23,1.2526855,-0.2758789,0.51123047,-56.920734,5.7317076,-32.65244
23,0.7414551,-0.31884766,0.4501953,-99.54269,9.481708,9.359756
23,0.8510742,-0.48657227,0.35766602,-58.993904,-1.3109757,64.54269
23,0.9650879,-0.5048828,0.3034668,10.97561,-11.737805,86.82927
23,0.9128418,-0.41137695,0.26123047,70.18293,-18.140244,97.926834
23,0.93530273,-0.28759766,0.26611328,113.5061,-22.34756,122.71342
23,0.8444824,-0.16015625,0.27124023,106.676834,-18.993902,119.11586
23,0.7138672,-0.10595703,0.25512695,53.44512,-8.902439,123.23171
23,0.7246094,-0.23339844,0.24291992,10.70122,-15.914635,103.414635
23,0.78881836,-0.30737305,0.2631836,12.439025,-13.292684,86.64635
23,0.82958984,-0.28759766,0.25561523,29.146341,-8.567074,69.664635
23,0.8696289,-0.22045898,0.29101563,42.957317,-5,46.615856
23,1.0810547,-0.19970703,0.35864258,44.573174,2.1036587,23.871952
23,1.2111816,-0.1459961,0.40454102,34.69512,14.542684,1.6463416
23,1.0722656,-0.1418457,0.47631836,-13.871951,12.77439,-20.518293
23,1.3391113,-0.18066406,0.40771484,-48.048782,35.243904,-47.77439
23,1.2080078,-0.24194336,0.4013672,-74.78659,10.609756,-88.84147
23,0.7937012,-0.4025879,0.49438477,-74.11585,-20.060976,-109.81708
23,0.80029297,-0.43603516,0.49414063,-26.463415,-13.323171,-101.46342
23,0.8461914,-0.3762207,0.4482422,36.55488,-15.97561,-81.097565
23,0.8803711,-0.1706543,0.32910156,68.810974,-18.871952,-41.768295
23,0.84375,-0.026855469,0.26586914,57.957317,-3.140244,-16.859756
23,0.70092773,0.036132813,0.27929688,23.323172,-0.30487806,-20.609756
23,0.60668945,-0.10131836,0.31201172,-75.57927,-0.18292683,-41.280487
23,0.6582031,-0.27661133,0.27416992,-131.67683,19.512196,-44.84756
23,0.70947266,-0.37475586,0.21557617,-115.30488,22.682928,-35.243904
23,0.78100586,-0.4177246,0.24243164,-45.85366,9.45122,-47.5
23,0.7595215,-0.46801758,0.2980957,-7.865854,-3.2926831,-52.80488
23,0.7758789,-0.49243164,0.38671875,29.237806,-16.859756,-61.890244
23,0.86621094,-0.49365234,0.47924805,63.689026,-26.82927,-68.96342
23,0.9584961,-0.45532227,0.50024414,71.73781,-27.408537,-62.560978
24,1.1833496,-0.37548828,0.5187988,62.286587,-17.134148,-48.536587
24,1.3513184,-0.38110352,0.60546875,23.384148,-15.426829,-33.262196
24,0.9707031,-0.32592773,0.5241699,-8.47561,-1.6768293,3.4146342
24,0.95751953,-0.31469727,0.43237305,-21.341463,19.664635,57.68293
24,1.0224609,-0.33911133,0.37451172,22.164635,8.932927,99.81708
24,1.0307617,-0.39135742,0.31958008,51.52439,10.365854,117.31708
24,1.0471191,-0.3449707,0.29907227,82.10366,12.5,127.46951
24,0.8942871,-0.19921875,0.30371094,109.72561,9.176829,138.07927
24,0.7463379,-0.06323242,0.25805664,75.85366,20.487804,124.939026
24,0.69799805,-0.13793945,0.26000977,-17.439024,26.25,120.88415
24,0.8742676,-0.30932617,0.22875977,4.5731707,9.176829,102.95732
24,0.8483887,-0.2319336,0.22436523,14.664635,20.640244,84.11585
24,0.8671875,-0.25073242,0.22558594,3.4756098,19.237804,77.68293
24,1.0837402,-0.22875977,0.28198242,18.292683,27.195122,48.871952
24,1.1447754,-0.15136719,0.32958984,14.359756,30.609756,27.134148
24,1.090332,-0.09887695,0.36694336,-16.280489,23.963415,6.0365853
24,1.2602539,-0.16845703,0.37475586,-56.52439,19.84756,-40.57927
24,1.0817871,-0.29101563,0.4189453,-64.63415,-9.329268,-81.34147
24,0.8798828,-0.40185547,0.5307617,-51.341465,-23.719513,-103.93293
24,0.73876953,-0.30615234,0.5439453,-10.762196,-16.646341,-108.14024
24,0.8786621,-0.25927734,0.5065918,21.646341,-9.207317,-99.085365
24,0.9013672,-0.13867188,0.453125,36.09756,-4.6951222,-80.94512
24,0.83984375,0.030273438,0.3701172,1.1585367,5.335366,-61.28049
24,0.7319336,7.32E-04,0.36938477,-33.018295,7.164634,-65.060974
24,0.6687012,-0.1616211,0.36645508,-79.45122,3.8109758,-76.46342
24,0.701416,-0.34716797,0.3076172,-131.25,28.658537,-81.46342
24,0.68969727,-0.38232422,0.23583984,-106.55488,39.237804,-69.72561
24,0.77368164,-0.42138672,0.24707031,-48.810978,26.79878,-73.597565
24,0.78125,-0.43554688,0.3618164,1.7073171,14.817074,-77.13415
24,0.81640625,-0.4411621,0.4321289,6.5853662,4.02439,-81.310974
24,0.8811035,-0.45410156,0.47314453,-0.24390244,2.5,-86.493904
25,0.9848633,-0.49804688,0.46850586,-17.591463,-2.4085367,-83.93293
25,1.111084,-0.5576172,0.43408203,-17.103659,0.30487806,-58.20122
25,1.3999023,-0.64697266,0.45239258,8.20122,-10.609756,-23.04878
25,1.0783691,-0.44677734,0.48706055,25.457317,-24.573172,30.853659
25,0.7253418,-0.33691406,0.41625977,19.908537,-20.457317,79.63415
25,0.8508301,-0.37597656,0.35717773,29.45122,-20.030489,109.20732
25,0.9970703,-0.43652344,0.30737305,67.04269,-20.487804,133.65854
25,1.0983887,-0.4465332,0.26293945,109.90854,-19.054878,140.70122
25,1.1379395,-0.3190918,0.27490234,159.14635,-15.762196,150.64024
25,0.9655762,-0.08569336,0.2734375,152.0427,-6.2195125,140.2744
25,0.8630371,-0.07421875,0.26000977,61.43293,9.756098,149.63416
25,0.8840332,-0.13134766,0.2277832,14.237805,6.0670733,138.87195
25,0.8947754,-0.21142578,0.23413086,-13.04878,8.536586,116.097565
25,0.8742676,-0.28344727,0.24072266,-17.073172,7.164634,105.09147
25,0.9602051,-0.28930664,0.26171875,2.2256098,9.054878,86.61585
25,1.0996094,-0.16625977,0.3244629,19.420732,18.20122,53.75
25,1.050293,-0.10473633,0.36376953,3.6585367,18.841463,27.103659
25,0.9436035,-0.095458984,0.4020996,-23.993902,14.085366,1.7682927
25,1.2307129,-0.19458008,0.3935547,-41.95122,15.945123,-49.84756
25,1.0527344,-0.27490234,0.41235352,-46.707317,-2.2560976,-94.7561
25,0.77319336,-0.3359375,0.4584961,-47.80488,-19.969513,-120.243904
25,0.7915039,-0.32983398,0.4440918,-27.743902,-9.45122,-135.03049
25,0.9416504,-0.33520508,0.42578125,8.993902,-13.841464,-135.12195
25,0.96899414,-0.27514648,0.39013672,28.04878,-13.658537,-129.14635
25,0.9260254,-0.21289063,0.31103516,14.512196,-8.079268,-103.04878
25,0.78149414,-0.17675781,0.30126953,-1.4329269,-4.3292685,-90.94512
25,0.70092773,-0.18261719,0.32080078,-33.048782,-5.030488,-83.993904
25,0.7531738,-0.26660156,0.25708008,-86.46342,15.396342,-73.56708
25,0.77856445,-0.30615234,0.23657227,-86.46342,16.554878,-62.073174
25,0.84399414,-0.36767578,0.27075195,-69.42073,15.304878,-57.073174
26,0.8588867,-0.44018555,0.3527832,-49.207317,10.487805,-58.07927
26,0.9116211,-0.5217285,0.44677734,-30.609756,0.27439025,-67.68293
26,0.92407227,-0.5407715,0.51538086,-15.213415,-3.7195122,-78.10976
26,1.0915527,-0.5505371,0.49536133,-2.3475611,-4.02439,-71.95122
26,1.4538574,-0.66674805,0.5107422,21.79878,-8.780488,-61.0061
26,1.2541504,-0.5500488,0.46875,48.75,-14.72561,-16.768293
26,0.6879883,-0.3059082,0.40625,41.09756,-5.182927,59.969513
26,0.8779297,-0.23657227,0.34375,50.396343,-5.97561,100.79269
26,1.0085449,-0.28979492,0.28222656,65.7622,-2.8048782,131.21951
26,1.1599121,-0.35375977,0.2619629,94.02439,2.1036587,143.20122
26,1.2009277,-0.3022461,0.27563477,111.21951,11.676829,146.61586
26,1.003418,-0.12207031,0.2902832,101.40244,12.5,159.7561
26,0.78271484,-0.046142578,0.22802734,20.853659,29.786587,138.78049
26,0.83740234,-0.17407227,0.2529297,-56.859756,20.335367,146.18903
26,0.8798828,-0.30737305,0.17236328,-43.689026,4.1768293,138.29268
26,0.8125,-0.25341797,0.17504883,-22.865854,0.7621951,108.871956
26,0.8833008,-0.35253906,0.20581055,-3.1707318,-3.2317073,92.13415
26,1.046875,-0.33276367,0.2487793,33.59756,6.0670733,66.98171
26,1.0539551,-0.16772461,0.3269043,39.390244,13.567074,30.70122
26,0.9667969,-0.13012695,0.38745117,12.865854,7.896342,2.652439
26,1.1633301,-0.15527344,0.39526367,-13.597561,14.3902445,-34.207317
26,1.1088867,-0.27783203,0.45483398,-39.420734,-7.256098,-95.701225
26,0.8215332,-0.3540039,0.53027344,-41.737804,-23.719513,-120.21342
26,0.7373047,-0.3466797,0.53393555,-29.87805,-14.512196,-123.78049
26,0.9140625,-0.31420898,0.47729492,-0.4878049,-4.4817076,-120.60976
26,0.96118164,-0.22192383,0.39257813,16.158537,-0.85365856,-110.09147
26,0.9609375,-0.15112305,0.3137207,10.396341,4.664634,-97.98781
26,0.81591797,-0.14672852,0.2944336,-13.506098,7.012195,-94.63415
26,0.72314453,-0.21142578,0.3112793,-47.560978,6.7987804,-92.164635
26,0.7233887,-0.31396484,0.2944336,-83.414635,17.865854,-88.84147
26,0.7866211,-0.37060547,0.24804688,-83.96342,30,-72.68293
27,0.8652344,-0.40161133,0.28173828,-62.164635,22.530489,-69.11585
27,0.8486328,-0.43554688,0.3232422,-41.920734,15.304878,-65.67073
27,0.7783203,-0.43115234,0.38671875,-35.640244,8.689025,-61.646343
27,0.83862305,-0.46899414,0.42822266,-31.859756,4.9390244,-63.993904
27,0.9074707,-0.5239258,0.4411621,-22.92683,0.4878049,-62.591465
27,1.2526855,-0.611084,0.42993164,2.0731707,-3.0792685,-41.890244
27,1.4829102,-0.5854492,0.46948242,31.25,-13.628049,-12.896341
27,1.0654297,-0.39990234,0.45361328,35.213417,-19.603659,25.121952
27,0.75634766,-0.2602539,0.38842773,32.682926,-13.963415,81.85976
27,1.010498,-0.29833984,0.3737793,47.10366,-13.47561,107.46951
27,1.0617676,-0.33398438,0.34472656,66.12805,-8.079268,127.37805
27,1.1018066,-0.3322754,0.31054688,87.71342,-10.6402445,138.41464
27,1.0666504,-0.23168945,0.32836914,109.7561,-5.365854,144.72562
27,0.923584,-0.12475586,0.32714844,96.98171,1.1890244,158.32318
27,0.79907227,-0.10620117,0.2619629,21.189024,12.804878,147.68294
27,0.8137207,-0.20166016,0.23291016,-4.4817076,3.6890244,140.18294
27,0.8442383,-0.24389648,0.21533203,-8.810976,7.042683,115.03049
27,0.79003906,-0.24926758,0.19702148,-17.256098,9.481708,91.768295
27,0.83032227,-0.27612305,0.19311523,-11.097561,8.170732,72.164635
27,0.89208984,-0.2685547,0.23413086,4.359756,12.22561,46.585365
27,0.96191406,-0.2619629,0.2854004,8.536586,12.926829,9.72561
27,0.88061523,-0.24780273,0.31860352,-1.7682927,8.262196,-15.518293
27,1.0358887,-0.29052734,0.3347168,-9.878049,4.4817076,-47.134148
27,1.1906738,-0.37524414,0.4260254,-8.1402445,-15.335366,-111.31098
27,0.98828125,-0.43676758,0.56030273,-6.006098,-38.780487,-147.43903
27,0.77368164,-0.4020996,0.6245117,-2.7134147,-38.75,-151.95122
27,0.80249023,-0.29370117,0.5239258,1.4329269,-21.920732,-123.62805
27,0.920166,-0.20605469,0.42651367,11.981708,-9.176829,-98.414635
27,1.0119629,-0.13061523,0.35864258,13.963415,-5.9451222,-76.310974
27,0.9445801,-0.091796875,0.35961914,-4.054878,-0.39634147,-58.993904
28,0.8220215,-0.14575195,0.38354492,-44.420734,0.73170733,-49.90854
28,0.7402344,-0.27172852,0.34838867,-98.93293,13.20122,-42.2561
28,0.7573242,-0.3696289,0.3005371,-128.93292,26.981709,-25.914635
28,0.7619629,-0.39331055,0.26342773,-117.13415,21.463415,-22.469513
28,0.77783203,-0.46899414,0.23461914,-75.335365,22.743902,-23.47561
28,0.7441406,-0.42138672,0.29174805,-34.085365,7.5,-17.560976
28,0.767334,-0.44482422,0.35009766,-3.5975611,0.42682928,-25.487806
28,0.7927246,-0.3852539,0.3786621,9.176829,-0.85365856,-28.384148
28,0.90478516,-0.35742188,0.390625,9.542684,-1.4634147,-30.274391
28,1.0048828,-0.32080078,0.42358398,1.5548781,-5.304878,-26.67683
28,1.2980957,-0.32543945,0.48535156,-18.780489,3.0487804,-22.987806
28,1.1940918,-0.2644043,0.49438477,-56.585365,1.8292683,-7.1341467
28,0.8378906,-0.2866211,0.46362305,-85.243904,7.4390244,18.109756
28,0.86035156,-0.31274414,0.43139648,-76.097565,15.6402445,47.40854
28,1.1665039,-0.23461914,0.41333008,-36.280487,25.945122,88.018295
28,1.3195801,-0.17602539,0.42358398,-16.463415,27.286587,116.15854
28,1.418457,0.01928711,0.8105469,34.146343,12.743903,175.88416
28,0.67529297,0.08911133,0.41137695,281.61588,85.518295,51.219513
28,0.6743164,0.20214844,0.2824707,-11.615854,82.68293,66.95122
28,1.0109863,-0.1665039,0.40112305,-283.0183,8.871951,82.65244
28,0.7836914,-0.30517578,0.3034668,-181.5244,81.61585,43.932926
28,0.7780762,-0.060791016,0.2199707,-128.71951,101.92073,9.329268
28,0.7717285,-0.16772461,0.11767578,-141.5244,112.53049,-17.073172
28,0.8647461,-0.29003906,0.048095703,-131.0061,131.79878,-51.067074
28,0.9658203,-0.38330078,0.028076172,-124.60366,152.59146,-64.96951
28,1.1916504,-0.4970703,0.033935547,-123.90244,170.60976,-88.84147
28,1.0581055,-0.5341797,0.064208984,-128.38416,168.14024,-127.68293
28,0.98583984,-0.55371094,0.11450195,-133.87195,149.5427,-148.65854
28,0.85791016,-0.57055664,0.20361328,-137.43903,121.98171,-168.87195
28,0.84033203,-0.57250977,0.29174805,-134.54268,92.19512,-184.20732
28,0.8820801,-0.5644531,0.28051758,-131.49391,77.347565,-196.95122
29,0.96435547,-0.55981445,0.18847656,-113.65854,80.27439,-178.20122
29,1.045166,-0.4621582,0.0625,-39.115856,96.46342,-159.87805
29,1.1130371,-0.36743164,0.014648438,-24.45122,82.37805,-163.78049
29,1.1552734,-0.31225586,0.049316406,-64.939026,65.36585,-158.84146
29,1.2001953,-0.3491211,0.12182617,-152.01219,72.59147,-140.09146
29,1.0834961,-0.40112305,0.09814453,-199.5122,70.15244,-119.451225
29,1.0107422,-0.4572754,0.09057617,-212.0122,67.28659,-105.18293
29,0.9267578,-0.52124023,0.080078125,-209.23781,58.292683,-95.03049
29,0.8688965,-0.57592773,0.07836914,-175.15245,52.835365,-89.02439
29,0.8276367,-0.58984375,0.10131836,-126.493904,45.57927,-92.439026
29,0.8215332,-0.59350586,0.14575195,-76.79878,36.067074,-101.951225
29,0.81933594,-0.59228516,0.18188477,-63.048782,28.292683,-111.493904
29,0.8215332,-0.62475586,0.24707031,-58.871952,19.32927,-118.96342
29,0.81518555,-0.6530762,0.32617188,-56.82927,8.780488,-118.90244
29,0.8100586,-0.7246094,0.39624023,-55.03049,-1.6158537,-112.743904
29,0.7824707,-0.8388672,0.45507813,-37.042683,-10.914635,-97.621956
29,0.7050781,-0.83325195,0.5004883,13.262196,-21.219513,-56.067074
29,0.6574707,-0.7241211,0.54711914,33.32317,-27.713415,-23.231709
29,0.64819336,-0.6555176,0.59594727,28.20122,-29.024391,5.182927
29,0.8444824,-0.75024414,0.579834,10.152439,-21.280489,41.67683
29,1.2214355,-0.76123047,0.5974121,32.469513,-24.207317,75.03049
29,1.2172852,-0.4909668,0.5727539,57.134148,-23.689026,96.92073
29,0.9616699,-0.29345703,0.47387695,50.27439,-13.1402445,150.7317
29,1.0422363,-0.34985352,0.3720703,51.52439,-11.158537,171.5244
29,1.2658691,-0.40356445,0.3552246,76.25,-14.542684,174.35976
29,1.2924805,-0.27026367,0.3173828,85.518295,-8.780488,172.71342
29,1.1113281,-0.21069336,0.26367188,55.70122,-11.463415,166.34146
29,0.9387207,-0.20947266,0.24780273,25.54878,-12.896341,154.5427
29,0.78881836,-0.22192383,0.2290039,5.4573174,-21.006098,134.0244
29,0.7175293,-0.24072266,0.20800781,0.4878049,-23.841463,115.7622
29,0.67871094,-0.2631836,0.21166992,3.0182927,-25,93.56708
30,0.6533203,-0.28295898,0.2241211,10.243902,-23.353659,58.384148
30,0.6254883,-0.30151367,0.2919922,11.981708,-24.695122,32.621952
30,0.6296387,-0.31713867,0.3701172,15.884147,-23.90244,7.9268293
30,0.7163086,-0.29760742,0.42822266,25.518293,-13.628049,-24.573172
30,0.87646484,-0.27001953,0.47851563,18.47561,-8.536586,-55.396343
30,1.0395508,-0.29052734,0.57128906,5.670732,-11.79878,-85
30,1.1577148,-0.27319336,0.62719727,4.2073174,-13.414635,-114.54269
30,1.4174805,-0.22070313,0.5629883,-10.487805,-3.5365853,-127.835365
30,1.3427734,-0.28149414,0.63134766,-34.17683,-24.268293,-157.46951
30,1.1049805,-0.4025879,0.6489258,-48.59756,-15.243903,-168.68903
30,1.0290527,-0.3425293,0.5361328,-64.5122,7.3475614,-148.81097
30,0.9746094,-0.2956543,0.4272461,-72.835365,17.317074,-129.29878
30,0.8762207,-0.24707031,0.31054688,-63.475613,28.59756,-82.164635
30,0.8654785,-0.20263672,0.2709961,-43.140244,32.10366,-53.93293
30,0.77612305,-0.15209961,0.2626953,-45.884148,30.396341,-36.128048
30,0.64868164,-0.21923828,0.2055664,-96.06708,32.835365,-23.262196
30,0.6425781,-0.28881836,0.17919922,-119.48171,39.390244,-20.213415
30,0.6503906,-0.31640625,0.16967773,-120.36586,39.84756,-15.914635
30,0.6767578,-0.39941406,0.2055664,-94.29878,30.365854,-22.957317
30,0.6711426,-0.46728516,0.2783203,-58.78049,23.871952,-38.048782
30,0.6616211,-0.49438477,0.3552246,-25.42683,17.042683,-56.859756
30,0.75268555,-0.5205078,0.41137695,-6.768293,4.664634,-85.701225
30,0.9482422,-0.5632324,0.4716797,1.7987806,-4.7865853,-94.02439
30,1.1918945,-0.57543945,0.44799805,11.615854,-9.115854,-82.13415
30,1.4350586,-0.5957031,0.49121094,36.95122,-29.542685,-40
30,1.0185547,-0.46972656,0.50878906,51.463417,-33.719513,10.670732
30,0.7421875,-0.32495117,0.45239258,46.25,-23.292683,73.47561
30,0.99365234,-0.35009766,0.39624023,36.98171,-19.908537,116.21951
30,1.0454102,-0.4350586,0.37451172,53.170734,-21.67683,133.53659
30,1.0673828,-0.45288086,0.3383789,89.085365,-21.585367,149.78659
31,1.0581055,-0.26757813,0.34301758,161.82927,-38.262196,181.58537
31,0.8742676,-0.15332031,0.2409668,216.43294,-14.237805,170.39635
31,0.8027344,0.005371094,0.3737793,101.70732,16.219513,106.46342
31,0.8095703,-0.22143555,0.28076172,-45.091465,13.689025,146.95122
31,0.8364258,-0.2939453,0.27148438,-17.439024,4.8170733,100.39635
31,0.9243164,-0.25463867,0.29516602,-0.4878049,19.817074,84.29878
31,1.0283203,-0.27734375,0.2841797,14.939025,27.591465,58.44512
31,1.161377,-0.1628418,0.32958984,15.731708,39.786587,32.987804
31,1.0759277,-0.072265625,0.38208008,-9.695122,43.048782,6.646342
31,1.1240234,-0.07495117,0.3552246,-60.548782,40.914635,-19.817074
31,1.1745605,-0.14208984,0.33789063,-83.96342,34.268295,-54.268295
31,0.96972656,-0.32226563,0.41455078,-83.65854,-7.5,-87.53049
31,0.7541504,-0.4777832,0.5373535,-38.628048,-11.219513,-112.0122
31,0.74243164,-0.36938477,0.49731445,0.4878049,-5.6097565,-112.10366
31,0.89868164,-0.34033203,0.44799805,38.993904,-14.4207325,-113.07927
31,0.9301758,-0.17822266,0.39990234,62.83537,-15.365854,-105.03049
31,0.8125,-0.096191406,0.38256836,29.024391,-12.987805,-87.68293
31,0.6328125,-0.06738281,0.38891602,-21.859756,-5.640244,-79.78659
31,0.58569336,-0.19921875,0.34301758,-92.347565,7.22561,-85.09147
31,0.71484375,-0.3203125,0.27294922,-119.54269,24.054878,-87.347565
31,0.82714844,-0.39501953,0.2775879,-101.31098,28.170732,-78.84147
31,0.91137695,-0.49316406,0.34594727,-46.219513,20.243902,-81.40244
31,0.77612305,-0.49536133,0.39892578,-21.707317,8.536586,-84.085365
31,0.8034668,-0.4873047,0.4416504,-13.1707325,2.7439024,-85.27439
31,0.94555664,-0.5161133,0.47558594,5.182927,-3.5975611,-82.164635
31,1.2067871,-0.5463867,0.4729004,16.341463,-4.390244,-64.29878
31,1.4191895,-0.5463867,0.50341797,20.731709,-11.432927,-30.182928
31,0.9538574,-0.3293457,0.5029297,0.88414633,-14.634147,26.524391
31,0.78027344,-0.26879883,0.4555664,-14.02439,-8.109756,75.36585
31,0.9807129,-0.34472656,0.41625977,-5.914634,-8.993902,100.67073
31,0.98046875,-0.42358398,0.36572266,21.371952,-12.378049,124.60366
32,1.0095215,-0.39331055,0.32470703,56.25,-12.378049,140.2744
32,1.0039063,-0.2668457,0.31982422,89.42073,-13.323171,146.55489
32,0.80322266,-0.15966797,0.30029297,87.22561,-17.164635,157.7744
32,0.7373047,-0.1381836,0.25024414,44.02439,-9.939025,137.5
32,0.7631836,-0.23046875,0.25170898,21.40244,-12.439025,130.45732
32,0.845459,-0.27197266,0.24414063,21.554878,-4.115854,91.06708
32,0.83862305,-0.27294922,0.24804688,14.085366,1.7682927,69.756096
32,0.9074707,-0.28515625,0.2680664,13.506098,5.9451222,48.170734
32,1.074707,-0.20727539,0.3173828,22.103659,16.615854,13.963415
32,1.0075684,-0.110839844,0.3527832,5.0609756,14.878049,-10.70122
32,1.0744629,-0.14208984,0.3894043,-26.585367,10.6402445,-31.79878
32,1.3259277,-0.2763672,0.4008789,-43.59756,7.1951222,-72.65244
32,1.0588379,-0.37548828,0.50390625,-34.146343,-25.54878,-105
32,0.8312988,-0.42993164,0.57788086,-8.871951,-33.109756,-111.73781
32,0.81274414,-0.29614258,0.5197754,28.109756,-18.963415,-92.95732
32,0.90063477,-0.20141602,0.45825195,44.237804,-19.512196,-69.05488
32,0.9121094,-0.08569336,0.41748047,40.518295,-15.365854,-44.085365
32,0.79711914,0.007080078,0.40478516,4.1768293,-1.8292683,-30.853659
32,0.64160156,-0.045166016,0.4128418,-37.378048,-1.3719512,-35.97561
32,0.5786133,-0.1850586,0.39208984,-87.86585,8.628049,-43.262196
32,0.654541,-0.38256836,0.3527832,-113.10976,31.280489,-48.689026
32,0.73461914,-0.4440918,0.35107422,-72.835365,32.042683,-43.262196
32,0.7651367,-0.42822266,0.3803711,-25.15244,26.585367,-50.518295
32,0.7624512,-0.39526367,0.41503906,-6.128049,17.65244,-57.560978
32,0.8288574,-0.40478516,0.42163086,-9.054878,12.987805,-62.5
32,0.89819336,-0.4182129,0.42919922,-14.02439,7.012195,-62.80488
32,1.1906738,-0.49853516,0.4116211,-15.54878,3.2012196,-56.615856
32,1.5058594,-0.5358887,0.44506836,-8.993902,-4.2987804,-42.92683
32,1.1208496,-0.46191406,0.4411621,-13.841464,-15.579268,-17.804878
32,0.7385254,-0.3840332,0.32470703,-5.7317076,-10.609756,42.957317
32,0.98828125,-0.34570313,0.29174805,30.914635,-20.609756,66.25
33,0.98583984,-0.35327148,0.26098633,65.88415,-27.103659,85.21342
33,0.9748535,-0.32836914,0.27148438,114.05488,-28.414635,125.54878
33,0.9941406,-0.21044922,0.19580078,183.62805,-55.27439,146.55489
33,0.767334,-0.11450195,0.15893555,231.5244,-29.969513,107.68293
33,0.7229004,0.0925293,0.3725586,28.414635,-6.0670733,90.67073
33,0.7729492,-0.09863281,0.23779297,-114.35976,-10.27439,129.69513
33,0.75390625,-0.40405273,0.18261719,-63.475613,-30.457317,87.31708
33,0.79785156,-0.3239746,0.21801758,9.878049,-17.591463,43.23171
33,0.92211914,-0.38134766,0.20800781,24.542683,-6.7073174,31.189026
33,1.1081543,-0.33813477,0.24511719,41.615856,4.6951222,15.6402445
33,1.1796875,-0.14038086,0.3269043,40.213417,19.969513,-15.70122
33,1.2346191,-0.088378906,0.36816406,-7.804878,21.890244,-34.7561
33,1.4267578,-0.123046875,0.39013672,-64.35976,28.658537,-61.73781
33,1.0637207,-0.34716797,0.48095703,-99.14635,-15.030488,-97.37805
33,0.78222656,-0.4729004,0.56762695,-78.96342,-16.646341,-98.65854
33,0.7836914,-0.41259766,0.5,-26.432928,0.15243903,-80.914635
33,0.8911133,-0.23291016,0.32910156,44.87805,6.2195125,-42.92683
33,0.8730469,-0.045898438,0.23510742,59.146343,5.640244,-29.17683
33,0.8276367,0.060302734,0.25170898,42.77439,12.713415,-28.658537
33,0.6826172,-0.015136719,0.2980957,-33.20122,13.567074,-29.72561
33,0.6347656,-0.15991211,0.28076172,-89.90854,26.524391,-36.219513
33,0.6791992,-0.2734375,0.25708008,-104.32927,43.262196,-33.47561
33,0.7351074,-0.30493164,0.27197266,-74.756096,41.067074,-30.182928
33,0.75097656,-0.38745117,0.31396484,-46.52439,30.304878,-34.90854
33,0.70166016,-0.44506836,0.3642578,-18.07927,17.774391,-42.92683
33,0.76904297,-0.42285156,0.38378906,6.128049,7.2865853,-55.609756
33,0.8815918,-0.4267578,0.39648438,8.658537,1.3109757,-59.69512
33,1.1269531,-0.4555664,0.39208984,8.323171,-0.88414633,-56.67683
33,1.5732422,-0.5366211,0.4741211,16.006098,-6.6768293,-47.713417
33,1.0876465,-0.44921875,0.44848633,6.890244,-16.158537,-21.341463
34,0.8190918,-0.35839844,0.36523438,-0.27439025,-3.6890244,35.609756
34,1.052002,-0.26171875,0.31762695,23.658537,-11.006098,75.30488
34,1.0334473,-0.3190918,0.30688477,46.219513,-10.487805,100.64024
34,1.026123,-0.29418945,0.3359375,67.04269,-6.1890244,119.02439
34,0.8676758,-0.1850586,0.33154297,82.40854,-6.7987804,148.44513
34,0.7409668,-0.1303711,0.28149414,70.60976,-13.109756,136.43294
34,0.68530273,-0.04736328,0.3022461,2.6219513,0.70121956,101.371956
34,0.717041,-0.30639648,0.2602539,-37.591465,-14.969513,119.87805
34,0.7626953,-0.2697754,0.25708008,-2.4695122,-8.780488,75.97561
34,0.81933594,-0.26367188,0.26757813,12.926829,3.0792685,56.036587
34,1.0708008,-0.28930664,0.2697754,29.634148,17.439024,18.689024
34,1.0830078,-0.1796875,0.31469727,19.969513,29.237806,-11.067074
34,1.0153809,-0.14331055,0.36669922,-14.054878,25.274391,-34.115856
34,1.2949219,-0.21459961,0.34545898,-49.207317,32.378048,-72.04269
34,1.1889648,-0.3173828,0.37670898,-60.70122,8.871951,-104.57317
34,0.94555664,-0.42919922,0.47045898,-55.335365,-18.75,-124.32927
34,0.7897949,-0.41870117,0.5283203,-13.018293,-13.841464,-112.926834
34,0.8898926,-0.33496094,0.46118164,26.615854,-9.512196,-88.53659
34,0.9091797,-0.18676758,0.37060547,42.317074,-12.682927,-65.09146
34,0.8647461,-0.07885742,0.30493164,26.006098,-6.432927,-40.335365
34,0.7121582,-0.05810547,0.34375,-1.3719512,-3.7195122,-32.987804
34,0.5913086,-0.13452148,0.34448242,-47.286587,0.12195122,-32.621952
34,0.59399414,-0.2536621,0.31860352,-98.44512,20.670732,-37.378048
34,0.6682129,-0.34594727,0.29125977,-91.493904,25.945122,-30.42683
34,0.7583008,-0.38916016,0.30273438,-56.371952,20.792683,-28.993902
34,0.79589844,-0.40283203,0.3605957,-14.054878,14.115854,-35.70122
34,0.8249512,-0.44189453,0.45361328,5.97561,1.3414634,-45.94512
34,0.8857422,-0.43237305,0.5053711,13.628049,-3.8719513,-59.298782
34,1.065918,-0.43310547,0.5058594,3.0487804,-3.4146342,-64.57317
34,1.4719238,-0.49829102,0.5085449,-10.457317,5.2439027,-61.82927
34,1.3737793,-0.50439453,0.50146484,-14.664635,-3.780488,-38.536587
35,0.71313477,-0.38232422,0.42504883,-8.353659,-1.5548781,29.908537
35,0.88500977,-0.29589844,0.38012695,24.573172,-4.512195,73.29269
35,1.0356445,-0.3173828,0.34448242,52.987804,-6.4939027,100.21342
35,0.9970703,-0.3684082,0.29003906,70.97561,-5.792683,120.94512
35,1.0336914,-0.31811523,0.3046875,91.46342,-3.6585367,130.09146
35,0.8745117,-0.17089844,0.31347656,89.05488,-2.1036587,133.93294
35,0.6887207,-0.099365234,0.25585938,34.542683,1.8597561,134.11586
35,0.71362305,-0.17260742,0.23583984,1.5853659,-2.4085367,122.89635
35,0.79785156,-0.25439453,0.23632813,-2.5,-4.2987804,101.06708
35,0.8449707,-0.26391602,0.2355957,3.7195122,2.195122,74.23781
35,0.8625488,-0.25317383,0.24682617,8.810976,4.3292685,52.77439
35,1.0161133,-0.22558594,0.30249023,13.597561,9.420732,27.256098
35,1.0732422,-0.12084961,0.3347168,2.9268293,19.054878,-8.20122
35,0.93237305,-0.11743164,0.375,-26.036587,8.109756,-31.25
35,1.1750488,-0.17382813,0.36450195,-42.2561,18.47561,-59.207317
35,1.2099609,-0.30541992,0.4033203,-47.621952,2.5609756,-106.61586
35,0.9255371,-0.40844727,0.49072266,-40.42683,-25.914635,-128.62805
35,0.81884766,-0.4284668,0.53930664,-12.652439,-26.036587,-128.65854
35,0.8051758,-0.32104492,0.4951172,33.140244,-30.457317,-98.93293
35,0.8601074,-0.26733398,0.42114258,55.396343,-33.780487,-76.676834
35,0.86206055,-0.15258789,0.3552246,57.865856,-22.439026,-49.542683
35,0.67333984,-0.02734375,0.34594727,20,-10.579268,-29.969513
35,0.57788086,-0.07397461,0.3527832,-40.121952,0.12195122,-30.030489
35,0.6418457,-0.19970703,0.34814453,-94.02439,15.457317,-35.030487
35,0.79174805,-0.39648438,0.3503418,-97.926834,23.59756,-23.536587
35,0.83447266,-0.47802734,0.38085938,-56.067074,26.40244,-30.54878
35,0.77441406,-0.44458008,0.39892578,-32.012196,16.432928,-28.780489
35,0.83618164,-0.43408203,0.4267578,-10.945122,11.95122,-38.170734
35,0.935791,-0.4165039,0.43408203,2.5304878,1.7378049,-45.42683
35,1.1489258,-0.41381836,0.41601563,10.457317,0,-44.969513
36,1.5058594,-0.43359375,0.4963379,9.3902445,-5.27439,-39.17683
36,1.0610352,-0.39990234,0.4501953,-4.359756,-14.481708,-12.378049
36,0.7993164,-0.3479004,0.3486328,-7.1951222,0.42682928,35.792683
36,1.0534668,-0.29541016,0.28881836,38.628048,-8.170732,72.80488
36,1.092041,-0.32055664,0.328125,82.347565,-12.042684,96.06708
36,1.1516113,-0.22265625,0.31103516,138.53659,-22.530489,159.78659
36,0.8227539,-0.008300781,0.23022461,210.15245,-13.871951,122.89635
36,0.7084961,0.009033203,0.23999023,131.0061,43.628048,93.871956
36,0.67578125,0.044677734,0.4140625,-39.573174,6.2195125,119.20732
36,0.5593262,-0.27563477,0.19702148,-160.2744,27.012196,99.05488
36,0.7294922,-0.41455078,0.23901367,-67.5,-24.634148,78.32317
36,0.7963867,-0.32788086,0.26879883,-5.7317076,6.0365853,35.762196
36,0.9328613,-0.37329102,0.19848633,17.34756,14.542684,17.286585
36,1.1704102,-0.3017578,0.24047852,32.682926,25.945122,-8.963415
36,1.128418,-0.1586914,0.34594727,25.57927,33.780487,-41.15854
36,1.3474121,-0.15161133,0.36669922,-28.90244,29.390245,-67.71342
36,1.3432617,-0.21728516,0.39233398,-65.82317,20.731709,-92.164635
36,1.0112305,-0.33398438,0.45654297,-74.90854,-21.158537,-108.32317
36,0.7312012,-0.39624023,0.4958496,-47.621952,-15.945123,-95.88415
36,0.82714844,-0.3635254,0.4333496,-1.2804878,-13.231708,-70.73171
36,0.8798828,-0.2602539,0.35131836,41.67683,-16.95122,-50.85366
36,0.8203125,-0.095703125,0.2626953,48.780487,-12.317074,-30.70122
36,0.6911621,-0.03466797,0.2861328,30.091465,-7.22561,-25.121952
36,0.56640625,-0.060546875,0.32421875,-13.871951,-5.2134147,-29.29878
36,0.6401367,-0.26049805,0.33154297,-80.82317,15.6707325,-39.17683
36,0.7380371,-0.3408203,0.33520508,-82.256096,26.981709,-30.792685
36,0.8129883,-0.3786621,0.34545898,-51.585365,24.115854,-32.621952
36,0.76782227,-0.40673828,0.38623047,-24.72561,16.40244,-36.798782
36,0.79248047,-0.43017578,0.44458008,-7.530488,6.890244,-41.40244
36,0.85375977,-0.41235352,0.47509766,8.810976,2.6219513,-50.060978
36,1.0290527,-0.38134766,0.47021484,6.3109756,1.2195122,-56.798782
36,1.4257813,-0.4333496,0.4621582,1.3414634,4.390244,-55.060978
37,1.5246582,-0.44213867,0.52368164,-1.4939024,-4.085366,-43.90244
37,0.8688965,-0.37841797,0.45922852,-17.317074,-0.85365856,11.402439
37,0.8327637,-0.30004883,0.39404297,-4.237805,4.1768293,57.560978
37,0.97509766,-0.26464844,0.33496094,28.841465,-2.3475611,84.14635
37,0.9436035,-0.30786133,0.25927734,63.475613,-5.27439,114.69512
37,0.96118164,-0.27148438,0.25341797,89.35976,-2.8963416,123.84147
37,0.8371582,-0.17797852,0.27514648,94.63415,-2.4390244,133.04878
37,0.6816406,-0.10498047,0.26391602,42.439026,2.682927,118.65854
37,0.6882324,-0.17749023,0.25854492,-1.4024391,3.8719513,115.21342
37,0.7819824,-0.26245117,0.23071289,-12.652439,-0.4878049,93.2622
37,0.796875,-0.2668457,0.21533203,-10.396341,1.2195122,60.42683
37,0.8395996,-0.28857422,0.22460938,3.0182927,0.6402439,36.219513
37,1.0217285,-0.27563477,0.26000977,24.29878,7.0731707,13.414635
37,1.1398926,-0.17749023,0.32666016,25.060976,13.963415,-13.963415
37,1.0356445,-0.13305664,0.38012695,2.1646342,5.335366,-30.57927
37,1.2819824,-0.14501953,0.36572266,-18.90244,14.542684,-47.530487
37,1.1923828,-0.21899414,0.40405273,-49.48171,-6.646342,-84.72561
37,0.8996582,-0.34228516,0.4873047,-56.371952,-33.810978,-95.701225
37,0.8249512,-0.3918457,0.50219727,-32.34756,-21.310976,-92.68293
37,0.83984375,-0.30981445,0.47314453,13.902439,-27.042683,-69.48171
37,0.88623047,-0.23730469,0.42089844,37.19512,-28.414635,-51.615856
37,0.8310547,-0.14135742,0.36328125,46.67683,-20.304878,-32.743904
37,0.62109375,-0.033203125,0.33129883,24.054878,-11.8902445,-22.103659
37,0.5422363,-0.06274414,0.32714844,-30.670732,-3.2317073,-28.353659
37,0.6381836,-0.18896484,0.31689453,-83.10976,16.12805,-39.390244
37,0.7512207,-0.35473633,0.2824707,-87.98781,26.341465,-27.591465
37,0.8208008,-0.3869629,0.3293457,-47.987804,24.695122,-34.237804
37,0.83740234,-0.4189453,0.38354492,-27.37805,15.365854,-36.128048
37,0.8742676,-0.4873047,0.47021484,-3.2317073,2.3170733,-48.841465
37,0.90283203,-0.4182129,0.4663086,8.292683,-2.4085367,-61.707317
38,0.99902344,-0.41259766,0.4338379,9.847561,-6.890244,-65.45732
38,1.4702148,-0.43481445,0.44726563,17.65244,-0.91463417,-62.896343
38,1.3300781,-0.41918945,0.45385742,1.3109757,-8.932927,-47.012196
38,0.8474121,-0.38964844,0.37353516,-19.786587,-5.5792685,-2.957317
38,0.8967285,-0.34545898,0.31030273,7.378049,-3.323171,67.89634
38,1.0239258,-0.3876953,0.2849121,53.23171,-11.310976,90.60976
38,0.99658203,-0.41064453,0.24023438,84.11585,-10.97561,109.39024
38,1.0595703,-0.2788086,0.25,116.25,-9.817074,125.15244
38,0.9291992,-0.17163086,0.22729492,126.585365,-5.4268293,139.66464
38,0.7546387,-0.044189453,0.19848633,81.28049,9.695122,103.56708
38,0.7849121,-0.099365234,0.23266602,-53.292683,11.006098,126.85976
38,0.8154297,-0.30419922,0.16601563,-47.134148,1.7378049,111.951225
38,0.828125,-0.2397461,0.18701172,-13.262196,4.3292685,89.54269
38,0.94189453,-0.24291992,0.2133789,8.932927,11.52439,67.53049
38,1.0976563,-0.2084961,0.26660156,19.420732,18.810976,39.420734
38,1.1203613,-0.17407227,0.30004883,14.268293,20.57927,15.335366
38,1.1992188,-0.23706055,0.35107422,1.0670732,4.908537,-8.47561
38,1.3186035,-0.3203125,0.3815918,10.518293,-3.140244,-41.95122
38,1.017334,-0.34545898,0.47216797,16.615854,-38.689026,-79.87805
38,0.81152344,-0.33642578,0.52685547,19.17683,-37.439026,-94.57317
38,0.84521484,-0.25952148,0.45874023,20.54878,-19.512196,-83.38415
38,0.9423828,-0.19091797,0.36645508,29.664635,-16.79878,-70.243904
38,0.88427734,-0.048583984,0.31689453,24.32927,-8.445122,-50.213417
38,0.7685547,-0.03515625,0.3178711,5.7012196,-1.4939024,-40.548782
38,0.6022949,-0.07006836,0.36791992,-23.07927,-1.6158537,-36.55488
38,0.5817871,-0.20898438,0.34838867,-97.04269,9.756098,-38.414635
38,0.70166016,-0.31884766,0.2890625,-122.07317,28.780489,-36.189026
38,0.8100586,-0.3623047,0.27490234,-82.77439,28.384148,-33.567074
38,0.829834,-0.38549805,0.3557129,-22.195122,18.841463,-45.335365
38,0.7294922,-0.38745117,0.4091797,-11.95122,10.792684,-51.463417
39,0.7531738,-0.41430664,0.4423828,-16.006098,4.664634,-62.225613
39,0.9296875,-0.49560547,0.47045898,-8.231708,0.42682928,-77.743904
39,1.217041,-0.5366211,0.46850586,-4.420732,2.4695122,-74.87805
39,1.432373,-0.5698242,0.513916,-2.4085367,-0.30487806,-69.29878
39,0.99438477,-0.4807129,0.4296875,-14.4207325,-4.1463413,-36.95122
39,0.81640625,-0.41601563,0.33691406,-9.146341,5.2134147,16.006098
39,1.026123,-0.38964844,0.31811523,28.810976,-4.4512196,54.573174
39,1.0256348,-0.36694336,0.2956543,72.560974,-2.987805,96.03659
39,1.0153809,-0.29711914,0.2783203,82.13415,0.15243903,118.018295
39,0.93530273,-0.19555664,0.28979492,77.86585,0.18292683,132.65244
39,0.75683594,-0.13623047,0.26586914,46.890244,0.51829267,135.39635
39,0.72314453,-0.19140625,0.23852539,6.3719516,3.5365853,128.78049
39,0.77734375,-0.24633789,0.2163086,-0.27439025,-3.4146342,117.926834
39,0.8498535,-0.2475586,0.23071289,9.146341,1.7682927,91.40244
39,0.96313477,-0.23168945,0.25097656,13.658537,12.22561,70.243904
39,1.0319824,-0.17236328,0.27514648,10.213415,21.09756,46.432926
39,1.1462402,-0.16552734,0.31884766,-8.719512,28.567074,18.414635
39,1.0656738,-0.1430664,0.33984375,-23.323172,26.79878,0.8231708
39,1.1682129,-0.13964844,0.3161621,-34.390244,23.567074,-24.695122
39,1.1540527,-0.27905273,0.33032227,-43.323174,4.6341467,-74.756096
39,0.86938477,-0.41796875,0.4411621,-35.213417,-25.213415,-108.71951
39,0.7043457,-0.46704102,0.5371094,-2.378049,-34.69512,-116.493904
39,0.875,-0.40478516,0.48754883,60.884148,-23.841463,-109.23781
39,0.9836426,-0.2697754,0.43115234,97.19512,-23.384148,-83.2622
39,0.94555664,-0.10229492,0.37695313,85.27439,-21.737806,-53.810978
39,0.7116699,0.03149414,0.3779297,26.981709,-12.957317,-29.87805
39,0.58154297,-0.044433594,0.37548828,-27.042683,-12.530488,-29.817074
39,0.5749512,-0.21118164,0.3400879,-74.14635,4.390244,-32.835365
39,0.67211914,-0.34521484,0.27124023,-85,17.042683,-25.365854
39,0.7746582,-0.39697266,0.2944336,-47.80488,14.573171,-24.786587
39,0.84887695,-0.4428711,0.34594727,-16.158537,11.310976,-31.82927
40,0.73779297,-0.42700195,0.44604492,8.963415,-3.9939024,-41.432926
40,0.763916,-0.41430664,0.48535156,13.963415,-9.969512,-47.713417
40,0.8688965,-0.40649414,0.5070801,13.20122,-13.1402445,-50.243904
40,1.244873,-0.42236328,0.4729004,-3.323171,-6.646342,-42.530487
40,1.5310059,-0.3642578,0.48217773,-26.067074,1.1890244,-36.55488
40,1.1503906,-0.31811523,0.40625,-57.560978,-7.22561,-6.4939027
40,0.9069824,-0.3310547,0.34106445,-58.871952,0.15243903,57.012196
40,1.0432129,-0.30981445,0.3149414,-17.164635,-12.926829,90.39635
40,1.0292969,-0.35546875,0.29125977,25.274391,-16.219513,117.98781
40,1.0737305,-0.29077148,0.23486328,41.493904,-15.457317,138.29268
40,0.9436035,-0.2055664,0.20874023,50,-26.79878,147.31708
40,0.7651367,-0.17773438,0.15771484,60.670734,-26.768293,123.62805
40,0.68115234,-0.114990234,0.20605469,-37.560978,-29.207317,113.78049
40,0.7529297,-0.29248047,0.13378906,-29.237806,-41.310978,94.39024
40,0.7573242,-0.2487793,0.15136719,1.6463416,-21.737806,63.719513
40,0.8149414,-0.29345703,0.17651367,-3.0487804,-8.780488,38.993904
40,0.95996094,-0.30859375,0.2536621,17.5,6.6768293,19.756098
40,1.076416,-0.17504883,0.27148438,29.512196,28.231709,-8.353659
40,1.0930176,-0.1706543,0.31274414,-26.554878,24.085367,-42.2561
40,1.295166,-0.26660156,0.31103516,-45.70122,25.213415,-72.65244
40,1.1875,-0.38745117,0.36132813,-30.57927,18.59756,-99.54269
40,0.98168945,-0.5292969,0.4885254,11.25,-15.914635,-129.69513
40,0.8952637,-0.5161133,0.560791,51.646343,-11.280488,-132.98781
40,0.9797363,-0.33764648,0.48266602,67.07317,1.9512196,-109.268295
40,0.9572754,-0.16723633,0.35205078,52.5,8.719512,-77.743904
40,0.90844727,-0.08618164,0.35107422,18.20122,6.6768293,-50.42683
40,0.8015137,-0.11010742,0.39819336,-18.963415,6.280488,-26.006098
40,0.59277344,-0.19555664,0.32666016,-70.18293,14.237805,-7.22561
40,0.5214844,-0.23608398,0.2614746,-87.22561,24.664635,1.25
40,0.59521484,-0.28344727,0.23828125,-84.54269,26.219513,-0.5487805
40,0.71313477,-0.3696289,0.27807617,-55.884148,25.487806,-4.542683
41,0.720459,-0.38989258,0.3178711,-34.969513,23.932928,-10.884147
41,0.7236328,-0.39575195,0.36108398,-20.54878,16.371952,-25.335367
41,0.85058594,-0.42041016,0.4230957,-8.536586,6.615854,-45.70122
41,0.96191406,-0.43408203,0.45263672,-7.8353662,1.0060976,-58.871952
41,1.2543945,-0.48120117,0.46166992,-10.304878,-1.097561,-63.35366
41,1.4157715,-0.46826172,0.4777832,-11.737805,-7.1036587,-48.62805
41,1.045166,-0.40307617,0.4338379,-21.707317,-13.018293,-13.262196
41,0.75683594,-0.35083008,0.38305664,-16.341463,-14.542684,29.664635
41,1.0205078,-0.3330078,0.31347656,32.40854,-16.920732,70.67073
41,1.0285645,-0.39672852,0.26586914,80.335365,-25.823172,97.22561
41,1.0383301,-0.3491211,0.2541504,133.68903,-23.75,106.43293
41,0.876709,-0.12597656,0.25830078,145.57927,-7.7134147,99.87805
41,0.72924805,-0.0859375,0.25146484,88.04878,-2.7134147,102.59147
41,0.63012695,-0.084472656,0.29003906,16.493902,-0.945122,88.90244
41,0.6472168,-0.2421875,0.2253418,-78.90244,-0.70121956,83.62805
41,0.81933594,-0.42358398,0.19604492,-16.189024,-14.573171,65.64024
41,0.8876953,-0.32885742,0.23095703,42.65244,6.5853662,35.213417
41,1.0600586,-0.26953125,0.24316406,47.713417,19.17683,21.493902
41,1.2255859,-0.17700195,0.25610352,32.530487,35.365856,-0.36585367
41,1.1289063,-0.06518555,0.29492188,-2.835366,35.243904,-22.560976
41,1.161377,-0.15673828,0.33007813,-54.085365,26.280489,-38.44512
41,1.2480469,-0.26464844,0.33544922,-53.62805,19.512196,-61.25
41,0.96875,-0.36547852,0.4074707,-36.189026,-15.609756,-85.27439
41,0.71118164,-0.37719727,0.48876953,-16.463415,-22.22561,-88.75
41,0.8144531,-0.32641602,0.45874023,4.6341467,-11.768293,-82.71342
41,0.91967773,-0.26489258,0.40649414,27.286587,-16.768293,-71.21951
41,0.86694336,-0.14038086,0.3256836,24.054878,-14.573171,-48.35366
41,0.7312012,-0.07543945,0.31274414,9.481708,-10.853659,-37.530487
41,0.58813477,-0.068603516,0.32421875,-14.3902445,-8.719512,-32.07317
41,0.6074219,-0.16015625,0.30444336,-61.58537,8.871951,-32.560978
42,0.71850586,-0.22094727,0.27490234,-75.60976,22.195122,-30.304878
42,0.8244629,-0.3046875,0.29711914,-68.17073,22.774391,-27.256098
42,0.89624023,-0.3623047,0.36206055,-46.737804,18.62805,-30.42683
42,0.798584,-0.3984375,0.43676758,-32.530487,4.390244,-34.969513
42,0.79711914,-0.44921875,0.46899414,-16.371952,-4.420732,-42.92683
42,0.8972168,-0.41430664,0.4506836,5.365854,-11.554878,-53.07927
42,1.2497559,-0.42578125,0.42797852,16.768293,-6.9817076,-52.92683
42,1.5671387,-0.43823242,0.4975586,21.524391,-6.3719516,-51.768295
42,0.9506836,-0.32666016,0.4423828,-10.97561,-7.0731707,-8.932927
42,0.842041,-0.2927246,0.41992188,-13.75,1.9817073,43.262196
42,1.0224609,-0.27148438,0.3779297,20.274391,-3.5060976,74.085365
42,0.97265625,-0.36816406,0.3161621,60.94512,-8.75,103.90244
42,1.0351563,-0.32250977,0.28955078,93.07927,-0.18292683,115.85366
42,0.9472656,-0.1772461,0.2993164,116.98171,-4.4512196,140.94513
42,0.7036133,-0.0793457,0.21435547,121.21951,8.628049,136.09756
42,0.65063477,2.44E-04,0.30786133,13.902439,16.493902,89.72561
42,0.7841797,-0.15820313,0.29052734,-79.085365,15.6402445,110.426834
42,0.8442383,-0.3083496,0.21875,-38.018295,6.280488,71.79878
42,0.9016113,-0.22460938,0.24316406,-22.012196,15.213415,50.670734
42,1.0112305,-0.26660156,0.24731445,-14.3902445,19.390244,31.859756
42,1.0698242,-0.17773438,0.28393555,-2.2256098,24.84756,0.8231708
42,1.0065918,-0.12597656,0.3256836,-16.067074,20.792683,-26.737806
42,1.0788574,-0.22045898,0.3647461,-36.493904,16.768293,-50.42683
42,1.2641602,-0.33618164,0.3659668,-36.737804,14.176829,-90.54878
42,0.99072266,-0.38916016,0.42285156,-26.09756,-17.469513,-119.20732
42,0.8132324,-0.39257813,0.47973633,-8.262196,-26.371952,-120.67074
42,0.8408203,-0.2512207,0.46142578,29.481709,-20.213415,-95.82317
42,0.90234375,-0.20043945,0.41918945,52.621952,-22.286587,-75
42,0.9038086,-0.115234375,0.36645508,40.335365,-13.231708,-52.10366
42,0.71606445,-0.048095703,0.33618164,-6.4939027,-2.012195,-32.5
42,0.5878906,-0.11694336,0.35766602,-53.871952,4.390244,-29.756098
43,0.60717773,-0.2109375,0.34570313,-104.54269,18.20122,-34.48171
43,0.73828125,-0.32299805,0.27905273,-106.43293,28.384148,-30.457317
43,0.80615234,-0.37304688,0.27514648,-70.39634,26.09756,-29.969513
43,0.8166504,-0.39770508,0.32055664,-33.65854,21.981709,-30.54878
43,0.79003906,-0.41210938,0.42016602,-3.445122,8.04878,-39.085365
43,0.8601074,-0.43017578,0.4555664,7.164634,0.57926834,-51.09756
43,0.9682617,-0.38745117,0.4663086,6.3109756,-0.33536586,-58.20122
43,1.465332,-0.4555664,0.48950195,-4.9390244,-1.2804878,-65.88415
43,1.3964844,-0.49072266,0.51464844,-13.841464,-8.597561,-52.37805
43,0.89453125,-0.47045898,0.4416504,-18.323172,-10.121951,-10.396341
43,0.88305664,-0.36010742,0.36254883,31.524391,-8.109756,56.768295
43,1.0310059,-0.35205078,0.3269043,75.57927,-12.164635,86.21951
43,1.0085449,-0.3708496,0.28344727,97.40854,-6.890244,107.77439
43,1.0383301,-0.24243164,0.30273438,124.69512,1.3719512,126.98171
43,0.8762207,-0.115478516,0.24438477,129.93903,4.390244,153.5061
43,0.6928711,-0.020507813,0.25732422,84.69512,12.77439,124.939026
43,0.77368164,-0.09692383,0.26660156,-54.786587,16.82927,132.89635
43,0.82788086,-0.2956543,0.1875,-54.84756,10.6402445,115.82317
43,0.8894043,-0.2529297,0.203125,-40.548782,14.695123,81.585365
43,0.97265625,-0.32739258,0.22338867,-26.067074,17.5,60.884148
43,1.0786133,-0.2709961,0.27978516,-2.835366,21.981709,44.02439
43,1.1359863,-0.17797852,0.32080078,9.512196,27.073172,20.213415
43,0.9692383,-0.10571289,0.36083984,-17.65244,15.914635,-10.152439
43,1.1523438,-0.15356445,0.35913086,-41.493904,14.756098,-43.719513
43,1.1799316,-0.33325195,0.38427734,-40.030487,-4.5731707,-87.95732
43,0.8051758,-0.4597168,0.51538086,-6.7987804,-36.707317,-123.597565
43,0.72631836,-0.38891602,0.5161133,26.524391,-28.841465,-124.7561
43,0.857666,-0.32299805,0.45214844,59.359756,-24.17683,-111.097565
43,0.9436035,-0.17944336,0.3918457,76.097565,-24.481709,-83.53659
43,0.93066406,-0.072265625,0.35351563,51.036587,-15.97561,-65.48781
43,0.7849121,-0.05493164,0.36010742,12.77439,-10.426829,-51.920734
44,0.6201172,-0.1665039,0.36279297,-57.83537,1.4329269,-42.92683
44,0.65478516,-0.24414063,0.30517578,-97.439026,17.530489,-39.390244
44,0.70288086,-0.29248047,0.2434082,-103.84147,24.573172,-26.219513
44,0.78027344,-0.36938477,0.2709961,-67.46951,17.865854,-26.82927
44,0.7570801,-0.4206543,0.3293457,-41.52439,12.896341,-22.439026
44,0.7988281,-0.47729492,0.41577148,-6.006098,0.4878049,-33.47561
44,0.93408203,-0.46557617,0.49926758,24.634148,-6.7073174,-50.518295
44,1.1130371,-0.4243164,0.50512695,26.95122,-5.8841467,-57.591465
44,1.4418945,-0.4375,0.5336914,21.585367,-3.262195,-54.05488
44,1.2426758,-0.36157227,0.529541,-5.5792685,-5.5487804,-30.15244
44,0.7590332,-0.3100586,0.43847656,-25.335367,4.847561,24.603659
44,0.8547363,-0.22924805,0.35791016,-6.158537,7.3170733,72.621956
44,1.1027832,-0.21289063,0.30200195,33.20122,6.6768293,110.48781
44,1.0725098,-0.23632813,0.2590332,49.90854,8.20122,126.03659
44,1.0583496,-0.1850586,0.2980957,58.07927,11.52439,144.23781
44,0.85253906,-0.10620117,0.31567383,32.896343,10.6402445,143.65854
44,0.6635742,-0.087890625,0.31811523,-23.04878,13.658537,113.201225
44,0.6098633,-0.12182617,0.27929688,-78.75,6.554878,115.701225
44,0.6179199,-0.25146484,0.19848633,-55.975613,-3.628049,75.57927
44,0.63256836,-0.27270508,0.20239258,-29.481709,-1.7073171,46.98171
44,0.71728516,-0.34472656,0.20800781,7.77439,-2.8963416,23.719513
44,0.9550781,-0.29492188,0.27172852,54.48171,9.146341,-13.780488
44,1.0690918,-0.23632813,0.3310547,57.2561,12.469513,-43.292683
44,1.0192871,-0.2331543,0.40161133,35.914635,0.5487805,-64.90854
44,1.2526855,-0.2607422,0.41577148,12.042684,6.646342,-88.414635
44,1.315918,-0.234375,0.42822266,-8.018292,-1.9512196,-106.768295
44,1.0446777,-0.2915039,0.49316406,-33.23171,-27.256098,-118.993904
44,0.8718262,-0.35058594,0.50390625,-41.82927,-18.871952,-104.7561
44,0.87353516,-0.32299805,0.4572754,-19.024391,-15.304878,-78.78049
44,0.86279297,-0.26708984,0.38183594,4.542683,-17.865854,-52.743904
45,0.8864746,-0.19970703,0.3154297,23.62805,-10.426829,-29.84756
45,0.77490234,-0.15283203,0.33813477,21.341463,-9.939025,-19.207317
45,0.6191406,-0.13110352,0.37060547,-16.67683,-3.780488,-12.256098
45,0.58154297,-0.23803711,0.32788086,-78.62805,15.914635,-14.207317
45,0.7121582,-0.31225586,0.31054688,-78.018295,12.743903,-13.384147
45,0.80908203,-0.3774414,0.33789063,-50.640244,13.1707325,-19.024391
45,0.7597656,-0.40625,0.37768555,-17.957317,8.932927,-23.993902
45,0.77783203,-0.42211914,0.42822266,6.25,0.15243903,-32.10366
45,0.8244629,-0.4116211,0.44750977,21.554878,-4.542683,-43.23171
45,1.0749512,-0.4152832,0.45092773,26.981709,-3.902439,-50.823174
45,1.5578613,-0.45141602,0.47045898,29.72561,0.45731708,-50.762196
45,1.442627,-0.37646484,0.49389648,12.957317,-9.085366,-41.493904
45,0.8400879,-0.3449707,0.41088867,-17.804878,-1.2804878,18.993902
45,0.8491211,-0.28466797,0.34350586,8.018292,-5.365854,61.12805
45,0.96484375,-0.28857422,0.29125977,61.493904,-14.115854,88.17073
45,0.9892578,-0.3334961,0.2578125,121.676834,-12.865854,117.98781
45,1.0852051,-0.22021484,0.2607422,171.12805,-16.768293,158.07927
45,0.78271484,0.007080078,0.21142578,211.46342,1.7073171,130.48781
45,0.6713867,-0.010253906,0.34716797,67.71342,11.280488,103.07927
45,0.72631836,0.0078125,0.31567383,-84.96951,15.731708,87.10366
45,0.6813965,-0.3479004,0.16870117,-110.121956,14.146341,96.951225
45,0.8532715,-0.31762695,0.19555664,-28.75,5.4268293,27.439026
45,0.939209,-0.35107422,0.20751953,-3.2317073,22.439026,17.957317
45,1.0788574,-0.3671875,0.19433594,17.439024,25.792683,7.4390244
45,1.142334,-0.14233398,0.25146484,18.47561,36.55488,-18.689024
45,1.0893555,-0.06616211,0.31982422,-18.20122,23.719513,-29.634148
45,1.3632813,-0.12402344,0.3347168,-59.207317,25.640245,-48.62805
45,1.1330566,-0.2932129,0.38476563,-83.90244,-14.268293,-80.21342
45,0.8227539,-0.43701172,0.49682617,-66.34146,-36.128048,-84.664635
45,0.70996094,-0.41235352,0.513916,-16.920732,-25.091463,-79.32927
45,0.8613281,-0.2614746,0.41748047,53.75,-26.12805,-47.2561
46,0.8898926,-0.15454102,0.33618164,82.926834,-27.012196,-30.945122
46,0.873291,-0.02709961,0.3232422,69.29878,-20.945122,-21.768293
46,0.65405273,0.049072266,0.38232422,4.72561,-10.609756,-21.82927
46,0.56274414,-0.053222656,0.42333984,-69.69512,-1.4634147,-38.07927
46,0.62597656,-0.16845703,0.3256836,-147.22562,21.12805,-36.40244
46,0.7414551,-0.35864258,0.27368164,-100.701225,30.731709,-39.634148
46,0.8330078,-0.45141602,0.22705078,-50.27439,24.32927,-42.469513
46,0.80859375,-0.46899414,0.3557129,23.658537,28.018293,-44.05488
46,0.85791016,-0.44873047,0.45751953,53.109756,4.878049,-48.414635
46,0.8791504,-0.37890625,0.4819336,58.993904,-1.8597561,-57.80488
46,1.0112305,-0.31225586,0.47607422,30.823172,-3.3536587,-63.871952
46,1.6455078,-0.4248047,0.4958496,-9.237805,0.45731708,-65.335365
46,1.1293945,-0.35766602,0.45947266,-37.682926,-7.042683,-42.012196
46,0.70532227,-0.36669922,0.35864258,-54.207317,10.731708,13.353659
46,1.0361328,-0.3479004,0.3215332,6.158537,-1.9817073,63.35366
46,1.020752,-0.3786621,0.3190918,53.292683,-5.396342,95.426834
46,1.0424805,-0.38793945,0.28686523,81.92073,-0.945122,117.04269
46,0.99243164,-0.21606445,0.31103516,111.12805,-1.5243902,135.2744
46,0.8322754,-0.11352539,0.26367188,99.847565,-1.3109757,151.18903
46,0.720459,-0.07128906,0.265625,25.182928,15.518293,123.75
46,0.782959,-0.20507813,0.2109375,-44.634148,1.9207318,138.53659
46,0.81347656,-0.27856445,0.19482422,-18.963415,-5.365854,103.32317
46,0.8833008,-0.25732422,0.20776367,-9.786586,5.152439,82.80488
46,0.9291992,-0.28979492,0.2265625,-5.914634,10.54878,57.591465
46,1.0568848,-0.21264648,0.27783203,2.1646342,21.493902,32.317074
46,1.0715332,-0.11816406,0.3125,-7.7439027,28.323172,1.4024391
46,0.99780273,-0.13623047,0.3515625,-51.067074,22.804878,-39.05488
46,1.1904297,-0.25341797,0.3630371,-66.006096,21.95122,-75.88415
46,1.128418,-0.41967773,0.41088867,-58.170734,3.2926831,-114.72561
46,0.82910156,-0.49853516,0.5517578,-19.054878,-23.292683,-141.55489
47,0.8076172,-0.41088867,0.55859375,24.664635,-20.914635,-134.63416
47,0.8808594,-0.30639648,0.4807129,61.890244,-19.573172,-108.90244
47,0.954834,-0.14501953,0.37451172,64.87805,-16.737804,-76.40244
47,0.9033203,-0.06665039,0.34155273,34.664635,-2.5304878,-56.737804
47,0.7324219,-0.037841797,0.35327148,-12.073171,-1.1280488,-45.94512
47,0.65625,-0.18823242,0.30004883,-97.59147,13.871951,-43.59756
47,0.703125,-0.27514648,0.28173828,-125.09147,30.70122,-30.091465
47,0.7585449,-0.34887695,0.26757813,-106.676834,28.47561,-18.932928
47,0.7841797,-0.4025879,0.2861328,-67.22561,24.695122,-15.060976
47,0.75634766,-0.43286133,0.3503418,-36.707317,16.82927,-19.146341
47,0.7780762,-0.46289063,0.41918945,-11.25,11.829268,-32.439026
47,0.81518555,-0.453125,0.4387207,7.3170733,1.7682927,-58.78049
47,1.0161133,-0.42578125,0.42211914,7.8353662,2.8048782,-66.25
47,1.510498,-0.5344238,0.4975586,16.310976,1.3109757,-74.756096
47,1.1923828,-0.4597168,0.45581055,16.67683,-14.45122,-47.469513
47,0.7145996,-0.39941406,0.37109375,10.70122,-5.030488,15.335366
47,0.89819336,-0.3034668,0.34057617,46.798782,-12.926829,64.63415
47,1.0070801,-0.3178711,0.33544922,88.47561,-13.75,96.79878
47,1.0209961,-0.34594727,0.2980957,96.79878,-6.8292685,118.53659
47,1.0622559,-0.27490234,0.34228516,125.64024,-8.902439,145.24391
47,0.8183594,-0.103515625,0.19628906,176.15854,-5.7012196,151.55489
47,0.6789551,-0.010009766,0.34399414,101.03659,21.768293,115
47,0.77368164,0.053955078,0.38012695,-72.86585,28.75,116.98171
47,0.7819824,-0.37963867,0.21679688,-77.46951,1.4634147,111.15854
47,0.91137695,-0.26123047,0.2788086,-18.353659,12.682927,64.11585
47,0.98413086,-0.26098633,0.28076172,-6.3719516,27.530489,51.036587
47,1.1037598,-0.18188477,0.30419922,-7.1036587,33.780487,24.695122
47,1.0717773,-0.1003418,0.3618164,-13.810976,36.768295,-5.304878
47,0.9868164,-0.07861328,0.3864746,-40.792683,29.72561,-26.09756
47,1.3688965,-0.26904297,0.37768555,-62.19512,28.993902,-68.62805
47,1.0686035,-0.37158203,0.4350586,-44.725613,-5.487805,-103.871956
47,0.814209,-0.41430664,0.52563477,-20.304878,-22.560976,-117.19512
48,0.7895508,-0.30932617,0.50268555,20.030489,-8.567074,-103.56708
48,0.91308594,-0.24194336,0.43408203,45.243904,-10.609756,-84.81708
48,0.9133301,-0.0871582,0.38134766,45.457317,-5.7317076,-69.847565
48,0.83251953,0.034423828,0.3479004,-1.1890244,8.75,-54.48171
48,0.6777344,-0.014404297,0.35668945,-54.115856,10.70122,-54.512196
48,0.6376953,-0.14379883,0.3527832,-120.85366,17.22561,-60.30488
48,0.67211914,-0.3330078,0.27905273,-155.64024,40,-56.067074
48,0.75,-0.4091797,0.2487793,-110.60976,37.835365,-49.634148
48,0.80810547,-0.48486328,0.30810547,-49.146343,32.957317,-56.890244
48,0.7109375,-0.49609375,0.4165039,3.628049,16.371952,-74.20732
48,0.7609863,-0.5,0.4453125,16.067074,12.195122,-88.201225
48,0.8786621,-0.46679688,0.45922852,11.585366,5.8841467,-109.29878
48,1.2749023,-0.65356445,0.41552734,-11.585366,5.7317076,-96.768295
48,1.4641113,-0.8010254,0.3996582,14.481708,-4.6036587,-35
48,1.0424805,-0.44604492,0.4375,44.390244,-16.463415,21.371952
48,0.8095703,-0.27563477,0.4399414,39.634148,-22.530489,94.20732
48,1.1098633,-0.38427734,0.40356445,35.243904,-13.231708,113.414635
48,1.0927734,-0.47265625,0.3544922,29.207317,-8.384147,127.22562
48,1.0854492,-0.48510742,0.31689453,67.46951,-15.945123,145.70122
48,1.0722656,-0.32983398,0.28149414,122.164635,-20.792683,160.21342
48,0.90356445,-0.14404297,0.29418945,154.90854,-19.024391,164.08537
48,0.7807617,-0.048583984,0.26611328,81.73781,1.9512196,164.42073
48,0.77612305,-0.12670898,0.23535156,26.341465,6.0365853,148.2317
48,0.7961426,-0.20996094,0.2211914,-2.987805,4.5731707,125.82317
48,0.8691406,-0.29296875,0.23803711,-11.128049,7.1951222,94.69512
48,0.9758301,-0.28564453,0.27905273,2.042683,11.158537,72.560974
48,1.1420898,-0.20336914,0.31054688,16.036585,21.859756,43.810978
48,0.9855957,-0.052734375,0.35473633,-10.182927,20.487804,8.20122
48,0.96313477,-0.061035156,0.4025879,-44.84756,10.762196,-15.152439
48,1.229248,-0.17456055,0.40234375,-53.871952,14.329268,-57.164635
49,1.0324707,-0.3725586,0.49853516,-42.40854,-24.573172,-114.32927
49,0.8425293,-0.45043945,0.60375977,-17.621952,-33.018295,-138.87195
49,0.8405762,-0.3869629,0.6044922,17.286585,-18.414635,-142.7744
49,0.951416,-0.24316406,0.5378418,54.542683,-20.091463,-130.18292
49,0.91308594,-0.071777344,0.48632813,40.57927,-16.981709,-106.03659
49,0.8654785,0.018554688,0.42382813,-1.8292683,3.0792685,-80.54878
49,0.7546387,-0.040039063,0.41235352,-62.286587,8.384147,-81.43293
49,0.7145996,-0.18725586,0.36157227,-127.439026,19.29878,-82.80488
49,0.7578125,-0.34204102,0.28051758,-166.31097,41.890244,-83.75
49,0.82006836,-0.5246582,0.27368164,-111.89024,42.743904,-67.19512
49,0.7385254,-0.5124512,0.3046875,-46.0061,35.091465,-67.86585
49,0.69750977,-0.4946289,0.31933594,0.24390244,25.670732,-62.37805
49,0.85253906,-0.45751953,0.390625,33.20122,15.97561,-68.96342
49,0.9025879,-0.4182129,0.41503906,16.615854,5.8841467,-79.05488
49,1.0351563,-0.49072266,0.37109375,-27.164635,4.664634,-80.85366
49,1.3969727,-0.8286133,0.39672852,-31.67683,-9.359756,-42.865856
49,0.99975586,-0.6418457,0.37451172,16.79878,-22.164635,10
49,0.6496582,-0.44213867,0.33618164,53.35366,-29.17683,69.81708
49,1.1123047,-0.38549805,0.34936523,88.689026,-35.85366,106.768295
49,1.2287598,-0.35205078,0.34106445,84.23781,-24.84756,126.189026
49,1.1633301,-0.4169922,0.3395996,60.30488,-22.042683,140.85367
49,1.0817871,-0.35791016,0.3881836,88.10976,-24.146341,162.53049
49,0.94433594,-0.2446289,0.38061523,161.40244,-31.158537,200.24391
49,0.82373047,-0.099609375,0.3022461,113.93293,-2.2256098,165.67073
49,0.97216797,-0.11987305,0.3203125,-15.762196,18.04878,172.62195
49,0.9584961,-0.26367188,0.28588867,-19.786587,2.7439024,155.82318
49,0.9121094,-0.19482422,0.30541992,-15.030488,18.04878,136.09756
49,0.9472656,-0.22363281,0.3178711,-13.20122,25.15244,104.96951
49,1.0180664,-0.1381836,0.35107422,-18.445122,34.02439,66.98171
49,0.9333496,-0.028320313,0.38842773,-39.115856,34.085365,30.121952
49,0.87231445,-0.056152344,0.38012695,-75.48781,26.463415,-14.02439
50,1.0900879,-0.22387695,0.3642578,-79.085365,23.567074,-71.79878
50,1.0888672,-0.4958496,0.4873047,-48.292683,-0.7621951,-119.5122
50,0.9020996,-0.5288086,0.6052246,22.560976,-9.969512,-162.98781
50,0.90185547,-0.3725586,0.53222656,56.341465,-2.8658538,-164.45122
50,0.96533203,-0.23242188,0.43530273,57.896343,-9.634147,-152.74391
50,0.9650879,-0.053955078,0.34057617,23.506098,-9.695122,-129.7561
50,0.9404297,-0.048095703,0.2902832,-2.7439024,0.45731708,-109.81708
50,0.8544922,-0.107910156,0.2927246,-25.640245,-0.15243903,-102.56098
50,0.7766113,-0.25976563,0.2475586,-91.52439,12.5,-97.347565
50,0.8613281,-0.39282227,0.21777344,-120.27439,27.5,-95.67073
50,0.9211426,-0.46801758,0.24169922,-106.28049,30.731709,-87.46951
50,0.88549805,-0.5234375,0.3540039,-58.414635,25.487806,-88.14024
50,0.8154297,-0.50268555,0.37548828,-40.182926,22.256098,-98.71951
50,0.8288574,-0.5390625,0.34985352,-44.512196,24.024391,-109.02439
50,0.97387695,-0.6586914,0.35742188,-49.90854,17.286585,-112.2561
50,1.1101074,-0.8166504,0.36035156,-24.085367,11.280488,-71.46342
50,1.3566895,-0.7229004,0.3708496,14.02439,-6.737805,-13.1707325
50,1.0334473,-0.44189453,0.4506836,29.268293,-24.603659,48.59756
50,0.8469238,-0.50683594,0.42578125,25.15244,-26.310976,89.60366
50,1.0551758,-0.5332031,0.4050293,36.219513,-18.170732,115.426834
50,1.1098633,-0.53759766,0.32983398,63.5061,-18.353659,140.45732
50,1.1296387,-0.4831543,0.2866211,106.61586,-21.280489,152.43903
50,1.1591797,-0.32592773,0.2614746,156.15854,-16.006098,167.92683
50,0.9831543,-0.05908203,0.21728516,210.24391,-10.487805,171.61586
50,0.9663086,-0.022949219,0.29760742,119.32927,17.682928,163.93294
50,0.9567871,-0.053710938,0.24658203,17.65244,37.530487,182.98781
50,0.8925781,-0.14233398,0.19335938,-42.65244,33.414635,141.18903
50,0.87524414,-0.22705078,0.20874023,-69.87805,34.085365,120.36586
50,0.9616699,-0.30078125,0.23022461,-67.98781,29.481709,95.30488
50,0.99853516,-0.1730957,0.2866211,-54.359756,31.646341,54.17683
51,0.9025879,-0.05419922,0.3642578,-52.225613,24.45122,25.97561
51,0.88378906,-0.030273438,0.41503906,-57.2561,21.981709,-9.603659
51,1.1530762,-0.2409668,0.38232422,-62.621952,12.865854,-69.5122
51,1.0092773,-0.50512695,0.49389648,-44.390244,-15.823171,-111.25
51,0.82373047,-0.49438477,0.6491699,2.5,-21.646341,-140.06097
51,0.84375,-0.19799805,0.69140625,13.658537,-4.6036587,-151.9817
51,0.9016113,-0.19091797,0.53515625,-16.768293,-6.9817076,-147.80489
51,0.96850586,-0.20214844,0.41015625,-22.22561,4.6341467,-124.11586
51,0.91845703,-0.18823242,0.32128906,-24.29878,22.774391,-102.77439
51,0.8339844,-0.23095703,0.31396484,-26.890245,22.073172,-99.96951
51,0.7878418,-0.31347656,0.27783203,-51.798782,33.65854,-99.11585
51,0.85253906,-0.46484375,0.22143555,-82.10366,45.091465,-91.64635
51,0.935791,-0.5722656,0.2927246,-56.0061,39.268295,-81.12805
51,0.91381836,-0.5263672,0.35424805,-19.085367,36.189026,-81.25
51,0.8161621,-0.5407715,0.34985352,-10.396341,27.92683,-90.060974
51,0.8054199,-0.52856445,0.29736328,-36.189026,29.45122,-94.29878
51,0.87280273,-0.59887695,0.25610352,-60.914635,24.756098,-82.65244
51,1.2719727,-0.7077637,0.20336914,-45.670734,9.786586,-28.140245
51,1.451416,-0.64453125,0.28857422,-15.579268,-15.731708,14.359756
51,1.0720215,-0.5751953,0.32348633,8.628049,-28.75,48.75
51,0.80908203,-0.57592773,0.28100586,37.92683,-36.585365,87.07317
51,0.986084,-0.5822754,0.28173828,87.926834,-45.457317,101.12805
51,1.0109863,-0.53125,0.26611328,137.37805,-51.98171,104.60366
51,1.0549316,-0.453125,0.22851563,187.89635,-48.109756,136.15854
51,1.0136719,-0.3527832,0.22680664,236.03659,-45.457317,163.10976
51,0.9406738,-0.088134766,0.16040039,238.20122,-27.530489,145.57927
51,0.96362305,0.059326172,0.24389648,130.97562,14.664635,172.59146
51,0.92456055,-0.05444336,0.2602539,70.18293,15.030488,165.36586
51,0.920166,-0.11352539,0.2866211,26.25,22.65244,143.07927
51,0.9902344,-0.21289063,0.29077148,-20.914635,38.47561,119.20732
52,1.0327148,-0.20874023,0.27783203,-49.237804,42.012196,91.55488
52,1.1079102,-0.13110352,0.3034668,-79.02439,44.60366,58.048782
52,0.923584,-0.07421875,0.35864258,-108.23171,36.371952,15.70122
52,0.98657227,-0.18408203,0.31982422,-111.73781,33.384148,-15.6402445
52,1.1635742,-0.3149414,0.27294922,-82.926834,29.969513,-59.512196
52,0.89160156,-0.43652344,0.44140625,-22.012196,-16.463415,-117.37805
52,0.75805664,-0.5373535,0.6105957,45,-33.44512,-138.32318
52,0.75756836,-0.38378906,0.63427734,104.63415,-34.817074,-143.20122
52,0.94262695,-0.19482422,0.5593262,106.03659,-42.40854,-121.06708
52,1.032959,-0.05078125,0.46972656,65.27439,-25.640245,-98.47561
52,0.97387695,0.04321289,0.37109375,5.5792685,1.4634147,-79.45122
52,0.796875,-0.028076172,0.3347168,-61.219513,-0.27439025,-83.47561
52,0.7590332,-0.2241211,0.33862305,-114.11586,3.5060976,-89.02439
52,0.7832031,-0.3881836,0.27416992,-143.47562,30,-87.347565
52,0.7976074,-0.46166992,0.25048828,-111.0061,34.48171,-77.37805
52,0.81030273,-0.4675293,0.2734375,-83.14024,30.213415,-83.07927
52,0.7722168,-0.5319824,0.30981445,-54.207317,21.920732,-87.77439
52,0.83325195,-0.5793457,0.37060547,3.6585367,11.189025,-100
52,0.9152832,-0.58447266,0.42651367,35.457317,2.8963416,-106.768295
52,1.0449219,-0.5617676,0.41137695,39.298782,-0.06097561,-93.23171
52,1.5039063,-0.63671875,0.43969727,32.134148,-10.304878,-45.365856
52,1.1748047,-0.43164063,0.4572754,23.963415,-17.073172,8.597561
52,0.7097168,-0.30639648,0.43774414,0.8231708,-14.02439,74.90854
52,0.96899414,-0.3815918,0.37475586,12.560976,-18.445122,120.94512
52,1.1025391,-0.4033203,0.35009766,38.932926,-11.219513,134.35976
52,1.1120605,-0.4501953,0.3166504,66.79878,-19.420732,153.14024
52,1.1303711,-0.34179688,0.3293457,121.371956,-20.884148,172.89635
52,1.015625,-0.17504883,0.2788086,214.66464,-56.890244,207.74391
52,0.77685547,-0.111572266,0.15673828,227.13416,33.689026,143.32318
52,0.9345703,0.12817383,0.40161133,-20.823172,34.939026,159.93903
52,0.93188477,-0.3708496,0.24853516,-36.432926,3.780488,154.84756
52,0.9025879,-0.20947266,0.23339844,-25.914635,29.756098,112.13415
53,1.0598145,-0.28027344,0.30908203,-25.091463,24.87805,88.32317
53,1.059082,-0.19189453,0.29296875,-5.792683,42.987804,61.58537
53,0.94628906,-0.06323242,0.29638672,-16.554878,45.884148,36.768295
53,0.8483887,-0.107666016,0.39257813,-50.243904,35.030487,-9.268293
53,1.1062012,-0.24951172,0.37573242,-58.963417,32.469513,-55.15244
53,0.9650879,-0.36791992,0.41430664,-51.0061,8.47561,-102.56098
53,0.72875977,-0.43847656,0.54467773,-24.207317,-20.396341,-141.03659
53,0.77612305,-0.39624023,0.5559082,1.25,-15.6402445,-152.71342
53,0.98535156,-0.3310547,0.49804688,24.390244,-9.908537,-149.81708
53,1.0336914,-0.17919922,0.39453125,32.2561,-18.810976,-133.71951
53,0.9880371,-0.119140625,0.35986328,12.469513,-12.5,-115.79269
53,0.8173828,-0.09399414,0.35253906,-13.780488,-4.237805,-97.59147
53,0.64404297,-0.15454102,0.33520508,-70.82317,0.27439025,-85.701225
53,0.7182617,-0.27441406,0.3088379,-110.518295,14.695123,-82.40854
53,0.8066406,-0.34716797,0.30664063,-117.68293,23.536587,-71.95122
53,0.8195801,-0.42358398,0.35302734,-95,19.72561,-66.768295
53,0.76293945,-0.50512695,0.3864746,-80.60976,18.07927,-70
53,0.8071289,-0.5708008,0.41577148,-53.475613,15.6707325,-78.75
53,0.91503906,-0.5996094,0.4519043,-17.164635,6.920732,-91.371956
53,1.0629883,-0.62475586,0.45458984,4.6341467,5.0914636,-79.54269
53,1.3525391,-0.64208984,0.45458984,24.115854,-3.5670733,-46.0061
53,1.184082,-0.40112305,0.48901367,29.085367,-13.902439,9.542684
53,0.7858887,-0.29785156,0.46655273,10.091464,-12.195122,60.396343
53,0.8173828,-0.34423828,0.38427734,5.8536587,-9.939025,91.43293
53,1.0476074,-0.41137695,0.35864258,28.353659,-7.5,111.06708
53,1.0686035,-0.42285156,0.31396484,57.743904,-12.195122,126.371956
53,1.1152344,-0.36889648,0.28393555,89.451225,-13.262196,142.31708
53,0.96655273,-0.17041016,0.29541016,109.451225,-12.865854,149.11586
53,0.83740234,-0.11230469,0.27124023,77.80488,-2.2865853,154.66464
53,0.7529297,-0.1328125,0.24389648,39.939026,-3.8109758,148.47562
54,0.7770996,-0.24072266,0.21850586,6.3414636,-6.0365853,126.15854
54,0.80029297,-0.29907227,0.22949219,7.652439,-5.670732,102.95732
54,0.8173828,-0.3059082,0.23950195,19.573172,-2.2865853,82.04269
54,0.9519043,-0.23828125,0.27514648,28.59756,9.176829,50.365856
54,1.078125,-0.19848633,0.34350586,24.634148,15.152439,20.121952
54,1.0344238,-0.140625,0.41748047,8.902439,13.871951,-4.72561
54,1.1987305,-0.18481445,0.43432617,-21.067074,14.45122,-38.993904
54,1.1899414,-0.23339844,0.48046875,-31.25,-0.12195122,-77.13415
54,0.9187012,-0.33764648,0.5793457,-32.40854,-29.054878,-106.03659
54,0.7705078,-0.36743164,0.59472656,-9.359756,-21.067074,-113.75
54,0.8586426,-0.3010254,0.54345703,9.420732,-9.786586,-107.65244
54,0.94555664,-0.2055664,0.46948242,19.085367,-10.426829,-96.82927
54,0.9536133,-0.07739258,0.3474121,7.3170733,3.5365853,-68.47561
54,0.8371582,-0.06982422,0.3256836,-8.810976,7.682927,-61.219513
54,0.7062988,-0.110839844,0.3425293,-40.70122,4.9695125,-62.286587
54,0.6779785,-0.24438477,0.28076172,-106.34147,23.993902,-69.39024
54,0.7302246,-0.36328125,0.25878906,-114.90854,37.65244,-63.07927
54,0.7770996,-0.42041016,0.27856445,-85.335365,32.560978,-64.87805
54,0.7661133,-0.4572754,0.3515625,-44.512196,23.536587,-72.926834
54,0.7607422,-0.45581055,0.39575195,-19.146341,16.189024,-77.95732
54,0.8041992,-0.4489746,0.42211914,-9.329268,12.5,-87.5
54,0.935791,-0.4790039,0.4645996,-1.25,6.7073174,-93.597565
54,1.0322266,-0.46655273,0.45898438,-6.9512196,7.4695125,-77.743904
54,1.3857422,-0.5593262,0.47924805,-15.396342,2.1341465,-52.40854
54,1.0927734,-0.4189453,0.4921875,-13.932927,-12.713415,9.268293
54,0.75097656,-0.3503418,0.43139648,-13.414635,-7.9573174,58.62805
54,0.87109375,-0.40527344,0.37036133,5.792683,-12.682927,85.7622
54,1.0419922,-0.44360352,0.34960938,46.646343,-13.445123,105.701225
54,1.0339355,-0.39892578,0.3227539,74.87805,-17.042683,117.347565
54,1.0546875,-0.28515625,0.3408203,93.62805,-15.213415,122.22562
55,0.8520508,-0.14648438,0.32250977,77.59147,-13.536586,139.39024
55,0.7546387,-0.1171875,0.28466797,43.292683,-10.121951,141.34146
55,0.7741699,-0.16308594,0.25341797,16.341463,-6.768293,139.96951
55,0.8088379,-0.22436523,0.23608398,12.591464,-7.378049,120.121956
55,0.8625488,-0.24389648,0.25341797,15.70122,-2.2560976,101.70732
55,0.89624023,-0.23071289,0.2783203,17.743902,3.3536587,81.40244
55,0.98046875,-0.23657227,0.33789063,15.945123,7.1341467,47.896343
55,1.0698242,-0.23120117,0.39111328,17.012196,11.707317,20.884148
55,1.0275879,-0.18115234,0.43603516,9.115854,8.231708,-2.378049
55,1.255127,-0.2541504,0.45263672,-2.835366,4.756098,-43.780487
55,1.0488281,-0.31030273,0.52783203,-0.88414633,-22.774391,-83.93293
55,0.7871094,-0.3466797,0.60131836,1.1890244,-42.469513,-103.32317
55,0.7055664,-0.32299805,0.57421875,13.1402445,-28.262196,-106.79878
55,0.91064453,-0.24780273,0.53686523,26.371952,-18.658537,-101.06708
55,0.97875977,-0.12890625,0.48901367,20.609756,-12.77439,-79.78659
55,0.8779297,-0.05834961,0.40429688,-12.5,0.88414633,-46.52439
55,0.73535156,-0.07495117,0.40478516,-39.420734,4.5731707,-37.92683
55,0.6315918,-0.16967773,0.39575195,-77.77439,6.432927,-33.810978
55,0.6491699,-0.28198242,0.31201172,-113.93293,29.146341,-32.713417
55,0.67944336,-0.34887695,0.28198242,-99.085365,31.09756,-31.768293
55,0.7714844,-0.3984375,0.3161621,-62.98781,26.219513,-37.591465
55,0.7619629,-0.4296875,0.4111328,-21.737806,19.72561,-52.987804
55,0.6706543,-0.4333496,0.46533203,-11.189025,9.664635,-68.35366
55,0.7270508,-0.42041016,0.484375,-11.95122,7.22561,-85.73171
55,0.94555664,-0.46411133,0.49536133,-14.908537,7.5914636,-100.18293
55,1.3569336,-0.5151367,0.4794922,-14.664635,11.493903,-97.13415
55,1.5388184,-0.5185547,0.47631836,-10.182927,0.06097561,-65.97561
55,0.7915039,-0.34643555,0.46972656,-17.865854,-6.402439,2.7439024
55,0.66796875,-0.32104492,0.40576172,-5.8536587,-10.121951,54.298782
55,0.9055176,-0.38793945,0.3955078,28.59756,-16.280489,72.04269
55,0.9355469,-0.37817383,0.36767578,46.737804,-11.006098,90.60976
55,1.0078125,-0.32470703,0.3647461,51.0061,-10.670732,102.10366
56,0.96118164,-0.25097656,0.39648438,63.59756,-16.189024,111.64635
56,0.7800293,-0.16186523,0.38964844,52.80488,-17.5,123.17074
56,0.7050781,-0.1887207,0.30517578,25.853659,-8.841464,120.67074
56,0.73706055,-0.20019531,0.26342773,21.768293,-9.969512,114.11586
56,0.83618164,-0.19311523,0.2680664,21.189024,1.4634147,91.06708
56,0.83862305,-0.1850586,0.27685547,10.792684,5.8841467,75.03049
56,0.8796387,-0.21435547,0.29492188,0.6402439,5.487805,54.512196
56,1.0822754,-0.2397461,0.35766602,2.5,13.445123,20.121952
56,1.034668,-0.21044922,0.3803711,-2.4390244,13.719513,-5
56,1.0075684,-0.22583008,0.37695313,-16.859756,8.780488,-26.95122
56,1.2353516,-0.32080078,0.40527344,-16.341463,4.512195,-66.64634
56,1.0334473,-0.3701172,0.4802246,-6.128049,-26.12805,-100.06098
56,0.76904297,-0.39990234,0.5415039,3.8414636,-44.146343,-110.701225
56,0.7128906,-0.33422852,0.529541,25.670732,-34.84756,-93.10976
56,0.8601074,-0.26416016,0.46972656,44.420734,-30.15244,-70.67073
56,0.91845703,-0.16699219,0.39648438,48.75,-18.780489,-42.439026
56,0.9082031,-0.09033203,0.37524414,32.530487,-8.414635,-18.231709
56,0.7495117,-0.095458984,0.43115234,-3.1097562,-8.658537,-11.097561
56,0.6333008,-0.20117188,0.42163086,-55.487804,-1.7682927,-12.286586
56,0.657959,-0.34179688,0.38134766,-98.75,16.40244,-15.914635
56,0.6904297,-0.39892578,0.3635254,-82.28659,18.719513,-15.243903
56,0.7229004,-0.42797852,0.34326172,-46.189026,14.146341,-21.036587
56,0.7055664,-0.41601563,0.36694336,-2.987805,9.908537,-24.969513
56,0.7770996,-0.40307617,0.4099121,13.871951,4.664634,-26.006098
56,0.85302734,-0.37231445,0.44067383,32.65244,0,-30.884148
56,1.0507813,-0.3413086,0.4182129,10.609756,1.9817073,-25.54878
56,1.4973145,-0.38061523,0.45043945,-0.85365856,3.2012196,-26.432928
56,1.3837891,-0.29907227,0.45239258,-28.140245,1.4024391,-16.463415
56,0.7832031,-0.30151367,0.3544922,-60.670734,-4.054878,24.908537
56,0.7561035,-0.3642578,0.30297852,-26.09756,-11.615854,48.262196
56,0.9880371,-0.39892578,0.34375,41.920734,-14.847561,54.969513
57,1.013916,-0.33691406,0.3544922,98.44512,-20.457317,81.73781
57,1.0358887,-0.24584961,0.3178711,123.96342,-18.90244,90
57,0.8430176,-0.04663086,0.3046875,139.69513,-0.33536586,64.57317
57,0.685791,-0.04638672,0.31420898,22.621952,-0.8231708,67.86585
57,0.6875,-0.10424805,0.30981445,-41.52439,-12.743903,77.95732
57,0.6948242,-0.29589844,0.21875,-26.280489,9.939025,55
57,0.82177734,-0.25195313,0.25048828,-18.993902,13.20122,19.87805
57,0.86450195,-0.29882813,0.24438477,3.8109758,11.493903,13.384147
57,0.87109375,-0.2548828,0.22705078,4.512195,19.45122,-7.6219516
57,1.0280762,-0.21728516,0.30322266,-14.207317,25.487806,-25.396341
57,1.0437012,-0.24682617,0.3190918,-21.524391,23.963415,-40.27439
57,1.0812988,-0.28442383,0.3232422,-28.231709,22.743902,-47.743904
57,1.427002,-0.34594727,0.39941406,-23.780489,18.506098,-66.89024
57,1.1474609,-0.31054688,0.46801758,-33.262196,-4.847561,-79.176834
57,0.720459,-0.3239746,0.47827148,-50.335365,-19.45122,-68.20122
57,0.5354004,-0.36010742,0.49365234,-9.664635,-25.396341,-33.993904
57,0.7163086,-0.27270508,0.45141602,41.55488,-20.15244,-15.030488
57,0.86279297,-0.1394043,0.34545898,52.34756,-8.04878,8.567074
57,0.98876953,-0.011230469,0.3256836,20.670732,0.945122,7.4695125
57,0.8239746,-0.041748047,0.375,-28.810976,0.91463417,-1.9817073
57,0.7006836,-0.17456055,0.4033203,-76.15854,4.756098,-11.646341
57,0.6894531,-0.3330078,0.35839844,-91.097565,22.37805,-9.664635
57,0.7314453,-0.31811523,0.34033203,-61.646343,19.359756,-9.695122
57,0.75561523,-0.2998047,0.33789063,-29.237806,13.597561,-18.445122
57,0.7246094,-0.27026367,0.35986328,-15.27439,5.9451222,-21.371952
57,0.7324219,-0.28857422,0.37719727,-12.621951,2.5,-29.420732
57,0.8076172,-0.3095703,0.38720703,-7.652439,2.8048782,-35.487804
57,0.8857422,-0.27685547,0.39111328,-12.22561,7.1036587,-37.80488
57,1.0498047,-0.2692871,0.41186523,-27.164635,9.02439,-36.432926
57,1.4069824,-0.30078125,0.4794922,-42.40854,14.146341,-35.243904
58,1.2492676,-0.22216797,0.47607422,-79.268295,12.195122,-26.615854
58,0.88623047,-0.22094727,0.4206543,-112.28659,15.97561,-7.408537
58,0.81347656,-0.3017578,0.42993164,-103.10976,14.878049,5.762195
58,0.98999023,-0.32006836,0.4453125,-39.90854,17.530489,19.17683
58,1.0266113,-0.22192383,0.45166016,-11.067074,15.487805,27.835367
58,0.96777344,-0.11450195,0.49365234,-3.2317073,11.341464,31.40244
58,0.73999023,-0.07348633,0.5109863,-11.432927,2.042683,30.97561
58,0.7067871,-0.09033203,0.4489746,-24.664635,12.621951,23.414635
58,0.80126953,-0.07836914,0.38110352,-38.871952,25.945122,13.993903
58,0.92089844,-0.052246094,0.31811523,-53.78049,41.128048,0.06097561
58,0.93408203,-0.04321289,0.29785156,-70,48.780487,-6.0365853
58,0.9038086,-0.07299805,0.27392578,-94.29878,56.98171,-14.115854
58,0.9157715,-0.119384766,0.23242188,-119.96951,64.847565,-24.45122
58,0.9057617,-0.13256836,0.2133789,-128.75,66.82927,-33.07927
58,0.9655762,-0.19262695,0.21704102,-129.20732,69.54269,-43.048782
58,1.0275879,-0.24194336,0.22241211,-114.81708,71.79878,-55.121952
58,1.0097656,-0.2607422,0.23217773,-102.22561,65.94512,-68.018295
58,1.2907715,-0.33691406,0.26123047,-90.03049,63.23171,-88.93293
58,1.0681152,-0.36767578,0.30004883,-88.93293,40.30488,-116.097565
58,0.83032227,-0.41870117,0.3400879,-88.07927,21.981709,-125.121956
58,0.73413086,-0.43579102,0.4013672,-63.414635,22.134148,-122.98781
58,0.75878906,-0.37304688,0.38964844,-22.865854,13.963415,-109.78659
58,0.7770996,-0.29296875,0.32373047,-17.896341,14.786586,-93.65854
58,0.8417969,-0.19970703,0.30126953,-30.518293,14.969513,-78.597565
58,0.9501953,-0.12402344,0.36645508,-73.597565,16.006098,-62.042683
58,0.95336914,-0.15429688,0.38183594,-115.335365,20.57927,-45.94512
58,0.88549805,-0.2475586,0.35961914,-134.63416,20.823172,-30.670732
58,0.84521484,-0.27929688,0.3791504,-124.96951,21.615854,-21.524391
58,0.8823242,-0.28979492,0.38330078,-115.54878,22.560976,-20.091463
58,0.9165039,-0.2849121,0.37402344,-104.20732,24.085367,-21.036587
58,0.94433594,-0.23461914,0.38012695,-90.79269,24.512196,-28.871952
59,0.9187012,-0.2055664,0.39941406,-90.060974,23.20122,-37.40854
59,0.8886719,-0.20996094,0.4206543,-94.05488,18.871952,-41.52439
59,0.8330078,-0.24023438,0.41625977,-94.11585,9.664635,-46.67683
59,0.7680664,-0.2512207,0.39916992,-112.89635,25.304878,-67.560974
59,0.74243164,-0.31445313,0.37841797,-113.44512,36.98171,-72.65244
59,0.80249023,-0.3527832,0.3635254,-58.292683,26.95122,-70.57927
59,0.7805176,-0.32836914,0.3942871,-53.59756,19.268293,-85.45732
59,0.7980957,-0.3486328,0.41308594,-72.80488,20.609756,-87.07317
59,0.7758789,-0.40063477,0.4362793,-76.61585,10.396341,-93.414635
59,0.9416504,-0.46289063,0.46411133,-73.62805,11.737805,-90.09147
59,0.99316406,-0.4345703,0.45336914,-64.32927,11.768293,-77.40854
59,0.86572266,-0.35742188,0.39916992,-67.77439,10.335366,-39.237804
59,0.83618164,-0.2915039,0.41137695,-64.29878,7.682927,-14.359756
59,0.81811523,-0.24633789,0.4128418,-65.30488,2.9268293,6.128049
59,0.87109375,-0.32421875,0.3515625,-73.53659,6.006098,24.420732
59,0.9641113,-0.35253906,0.34594727,-63.75,5.152439,28.07927
59,0.98999023,-0.3798828,0.36035156,-40.121952,-1.1280488,31.493904
59,0.88061523,-0.32006836,0.36743164,-16.006098,-8.262196,37.073174
59,0.8154297,-0.27514648,0.36914063,-7.3475614,-8.719512,32.439026
59,0.78515625,-0.26098633,0.34692383,-0.88414633,-12.713415,26.493902
59,0.7844238,-0.24731445,0.31567383,3.262195,-13.902439,13.323171
59,0.8132324,-0.24658203,0.31298828,2.5,-11.341464,2.1646342
59,0.82421875,-0.2548828,0.31689453,-1.6463416,-9.3902445,-9.146341
59,0.8613281,-0.27490234,0.3334961,3.902439,-9.29878,-12.804878
59,0.8840332,-0.27197266,0.3461914,6.3109756,-9.329268,-15.853659
59,0.90185547,-0.28344727,0.3647461,6.920732,-8.658537,-17.957317
59,0.9675293,-0.27783203,0.40112305,7.4390244,-3.5060976,-20.518293
59,1.0529785,-0.25463867,0.42529297,1.7378049,3.0182927,-23.140244
59,1.0827637,-0.21289063,0.4350586,-12.22561,7.5,-25.182928
59,1.1733398,-0.22680664,0.45532227,-32.042683,13.109756,-24.939026
60,1.3195801,-0.27783203,0.47998047,-42.286587,15.792684,-30.884148
60,1.1848145,-0.33398438,0.5131836,-45.121952,4.390244,-39.02439
60,0.83984375,-0.34716797,0.5058594,-38.567074,-1.5243902,-36.310978
60,0.6311035,-0.3112793,0.46118164,-20.57927,-3.445122,-18.262196
60,0.6479492,-0.24414063,0.4194336,8.079268,-2.042683,1.7073171
60,0.74194336,-0.06347656,0.34204102,21.82927,5.640244,33.07927
60,0.8322754,-0.005859375,0.32128906,13.353659,8.231708,45.213417
60,0.9082031,-0.01171875,0.35107422,-2.1341465,13.20122,46.189026
60,0.76293945,-0.07788086,0.3527832,-44.634148,13.262196,38.262196
60,0.6672363,-0.17260742,0.32983398,-70.48781,12.591464,28.414635
60,0.67822266,-0.25756836,0.3227539,-64.268295,12.042684,15.823171
60,0.7441406,-0.28930664,0.32910156,-16.12805,6.280488,4.420732
60,0.732666,-0.2331543,0.34594727,15,0.06097561,-4.7865853
60,0.7392578,-0.24853516,0.3737793,29.390245,-6.128049,-13.932927
60,0.77856445,-0.28271484,0.43310547,39.664635,-9.420732,-25.213415
60,0.7973633,-0.27685547,0.4423828,33.5061,-9.512196,-30.70122
60,0.9128418,-0.25878906,0.45214844,9.45122,-6.7073174,-37.378048
60,1.2902832,-0.32006836,0.4597168,-15.152439,-7.5,-41.493904
60,1.4370117,-0.3305664,0.5187988,-17.408537,-7.5,-46.40244
60,1.1748047,-0.34204102,0.4951172,-42.560978,-14.878049,-36.40244
60,0.61328125,-0.32885742,0.3955078,-52.225613,-6.5853662,-2.5
60,0.80371094,-0.38061523,0.34960938,-18.140244,-9.634147,16.219513
60,0.9423828,-0.3984375,0.3413086,40.42683,-7.560976,30.030489
60,0.97143555,-0.2927246,0.31762695,80.64024,-6.646342,50.060978
60,0.98876953,-0.18408203,0.34326172,79.847565,1.6768293,57.37805
60,0.8039551,-0.08984375,0.34594727,59.84756,-2.987805,62.19512
60,0.6813965,-0.15795898,0.32592773,5.914634,-9.634147,54.969513
60,0.7216797,-0.25708008,0.29101563,-13.262196,-1.25,50.213417
60,0.7792969,-0.35180664,0.24438477,6.920732,-4.268293,45.091465
60,0.80688477,-0.22558594,0.23022461,27.073172,10.70122,16.036585
60,0.8269043,-0.18017578,0.23120117,28.536587,5.7317076,13.658537
61,0.91674805,-0.17480469,0.27856445,11.585366,12.652439,-2.835366
61,1.1572266,-0.21655273,0.32299805,-6.158537,16.12805,-17.804878
61,1.1154785,-0.22045898,0.34155273,-19.786587,14.878049,-23.658537
61,1.2800293,-0.2866211,0.36401367,-26.493902,10.762196,-31.920732
61,1.2998047,-0.32226563,0.43676758,-14.695123,-3.3536587,-45.670734
61,0.8664551,-0.28955078,0.49487305,-13.932927,-25.792683,-48.780487
61,0.5656738,-0.29418945,0.49951172,-10.030488,-25.243902,-34.32927
61,0.6989746,-0.24707031,0.44506836,15.70122,-16.341463,-9.72561
61,0.8364258,-0.106933594,0.38891602,32.19512,-10.182927,11.158537
61,0.9152832,-0.016357422,0.34228516,26.189026,-2.8048782,23.59756
61,0.8156738,-0.010498047,0.36254883,-6.25,3.2012196,15.304878
61,0.66796875,-0.09814453,0.39648438,-41.798782,0.030487806,5.792683
61,0.65185547,-0.2619629,0.3864746,-64.42073,10.426829,-3.902439
61,0.69970703,-0.32128906,0.35791016,-36.707317,15.091464,-8.506098
61,0.7680664,-0.32177734,0.34472656,1.4939024,8.506098,-15.243903
61,0.7854004,-0.27685547,0.36401367,27.34756,4.9390244,-19.87805
61,0.78686523,-0.26342773,0.40722656,27.835367,-1.6463416,-25.182928
61,0.83935547,-0.28857422,0.4350586,20.670732,1.4024391,-30.030489
61,0.9577637,-0.29663086,0.44677734,9.908537,-0.91463417,-32.865856
61,1.2597656,-0.29223633,0.46704102,-15.54878,2.987805,-33.628048
61,1.447998,-0.30517578,0.48779297,-32.713417,1.4634147,-27.774391
61,1.1293945,-0.29907227,0.4111328,-42.621952,-10.426829,-17.743902
61,0.6677246,-0.29077148,0.4169922,-34.146343,-2.195122,10.091464
61,0.8208008,-0.28881836,0.4086914,-7.560976,1.7682927,22.530489
61,0.8779297,-0.29956055,0.37304688,26.524391,2.8658538,26.95122
61,0.93188477,-0.20166016,0.3293457,44.05488,4.3292685,32.317074
61,0.9082031,-0.10644531,0.33203125,29.695122,5.396342,36.859756
61,0.7495117,-0.092285156,0.31567383,9.29878,-0.9756098,38.689026
61,0.64624023,-0.18920898,0.27978516,-0.4878049,-1.5853659,34.085365
61,0.7060547,-0.2109375,0.2565918,16.219513,-0.33536586,27.774391
62,0.8059082,-0.21118164,0.2722168,30.97561,2.957317,13.810976
62,0.88256836,-0.18286133,0.29956055,29.17683,1.3719512,2.1036587
62,0.9099121,-0.16625977,0.30444336,14.054878,3.0182927,-4.1463413
62,0.97509766,-0.1862793,0.33032227,0.9756098,4.4817076,-9.237805
62,1.1635742,-0.22827148,0.3635254,-6.097561,6.9817076,-14.603659
62,1.095459,-0.19140625,0.3798828,-13.079268,5.2134147,-15.6402445
62,1.3249512,-0.24584961,0.40576172,-17.317074,8.170732,-18.59756
62,1.2602539,-0.25,0.4404297,-17.256098,-9.542684,-30.518293
62,0.78100586,-0.26489258,0.48510742,-16.67683,-28.810976,-28.871952
62,0.5998535,-0.26904297,0.49023438,-7.530488,-18.62805,-22.042683
62,0.7390137,-0.20629883,0.48632813,8.04878,-15.182927,-3.323171
62,0.7949219,-0.111572266,0.43066406,11.189025,-8.353659,17.164635
62,0.8835449,-0.07055664,0.37890625,10.152439,2.1036587,27.469513
62,0.7644043,-0.05493164,0.38085938,-5.670732,2.5914636,24.268293
62,0.6503906,-0.122802734,0.37475586,-30.884148,5.792683,12.743903
62,0.65356445,-0.22314453,0.32348633,-39.420734,17.042683,2.2865853
62,0.71875,-0.2849121,0.31030273,-5.762195,13.932927,-6.6768293
62,0.76586914,-0.2578125,0.3190918,13.841464,10.121951,-17.317074
62,0.73950195,-0.24902344,0.34375,15.518293,0.8231708,-22.92683
62,0.8232422,-0.3095703,0.38745117,11.859756,-2.8048782,-30.121952
62,0.8479004,-0.31958008,0.40698242,10.823171,-6.0365853,-31.95122
62,0.95214844,-0.31323242,0.4165039,3.75,-7.2865853,-33.780487
62,1.342041,-0.34350586,0.46948242,-11.676829,-8.628049,-34.69512
62,1.4660645,-0.38354492,0.5041504,-26.067074,-13.689025,-27.34756
62,1.0100098,-0.36328125,0.4584961,-29.908537,-16.920732,-15.70122
62,0.7285156,-0.32080078,0.37280273,-14.695123,-8.993902,20.762196
62,0.9538574,-0.3269043,0.35717773,26.768293,-6.158537,38.384148
62,0.97216797,-0.30078125,0.34179688,68.17073,-6.097561,46.859756
62,0.98413086,-0.13623047,0.32983398,73.07927,0.57926834,52.835365
62,0.83862305,-0.06347656,0.2956543,47.073174,2.378049,58.170734
62,0.66430664,-0.04248047,0.29125977,4.2073174,-2.3170733,55.762196
63,0.64208984,-0.21826172,0.24682617,-17.34756,1.1890244,50.182926
63,0.7453613,-0.21362305,0.20507813,-17.865854,7.4695125,41.585365
63,0.8376465,-0.20507813,0.19824219,8.506098,9.542684,20.914635
63,0.9025879,-0.17211914,0.22875977,5.396342,9.45122,5.6097565
63,0.9375,-0.1430664,0.28027344,-5.304878,11.006098,-0.5487805
63,1.1318359,-0.20654297,0.3166504,-10.792684,12.896341,-9.420732
63,1.1584473,-0.18237305,0.34277344,-13.47561,12.987805,-22.865854
63,1.265625,-0.22753906,0.38354492,-11.036586,6.768293,-35.548782
63,1.4743652,-0.3010254,0.43017578,-0.42682928,8.841464,-52.560978
63,0.9550781,-0.34716797,0.5319824,5.4573174,-30.243904,-77.743904
63,0.6088867,-0.37719727,0.560791,9.146341,-29.573172,-70.73171
63,0.56591797,-0.35473633,0.5251465,22.5,-16.371952,-47.225613
63,0.7270508,-0.17407227,0.40161133,35.27439,-5.914634,-8.871951
63,0.8300781,-0.026367188,0.328125,28.109756,2.2560976,10.670732
63,0.8859863,0.053222656,0.3203125,1.8292683,8.445122,15.457317
63,0.67993164,-0.016113281,0.3005371,-59.45122,6.6768293,13.597561
63,0.625,-0.16992188,0.2836914,-84.63415,14.72561,5.365854
63,0.6760254,-0.27075195,0.27856445,-77.835365,24.45122,7.378049
63,0.7758789,-0.32958984,0.33374023,-43.719513,21.554878,1.1280488
63,0.814209,-0.28881836,0.3696289,-15.091464,16.067074,-8.810976
63,0.78100586,-0.28710938,0.421875,5.97561,5.7317076,-16.40244
63,0.8310547,-0.37182617,0.47436523,32.34756,-3.628049,-29.542685
63,0.84887695,-0.3725586,0.4753418,48.5061,-5.9451222,-39.32927
63,0.93896484,-0.2993164,0.45922852,40.030487,-5.2134147,-47.286587
63,1.5270996,-0.36108398,0.49829102,13.353659,-1.3109757,-51.189026
63,1.3918457,-0.30419922,0.5046387,-18.47561,-4.908537,-40.884148
63,0.8444824,-0.296875,0.4465332,-53.65854,-3.75,-10.030488
63,0.7766113,-0.328125,0.3503418,-27.92683,0.91463417,45.15244
63,0.94018555,-0.29882813,0.30737305,25.731709,-6.8292685,66.85976
63,0.9223633,-0.31420898,0.2626953,70.36585,-17.012196,89.32927
63,0.9812012,-0.2705078,0.2668457,105.73171,-13.079268,104.664635
64,0.87280273,-0.15478516,0.29541016,100.94512,-12.682927,113.71951
64,0.7307129,-0.08959961,0.30322266,72.40854,-12.621951,113.018295
64,0.7114258,-0.16430664,0.2878418,-10.243902,-3.1097562,87.98781
64,0.76049805,-0.26782227,0.24194336,-22.835367,-8.841464,81.371956
64,0.78100586,-0.28320313,0.2241211,-21.310976,-3.5060976,54.02439
64,0.8510742,-0.27929688,0.24316406,-12.042684,-1.9207318,32.134148
64,0.9470215,-0.2607422,0.28808594,5.8841467,3.0487804,13.079268
64,1.1022949,-0.21728516,0.3449707,15.030488,7.77439,-8.810976
64,1.0532227,-0.1784668,0.4099121,-1.9512196,5.0609756,-37.439026
64,1.2402344,-0.2199707,0.42456055,-21.646341,7.987805,-57.896343
64,1.427002,-0.3305664,0.4560547,-24.695122,6.646342,-87.10366
64,0.94311523,-0.4013672,0.5673828,-12.896341,-34.420734,-117.37805
64,0.65185547,-0.40795898,0.5949707,0.945122,-38.20122,-104.7561
64,0.6647949,-0.3449707,0.53222656,33.75,-21.280489,-70.243904
64,0.828125,-0.13476563,0.3869629,58.871952,-11.493903,-29.207317
64,0.86279297,0.043945313,0.3059082,41.0061,3.4146342,-8.079268
64,0.8154297,0.10058594,0.29882813,-2.7134147,12.530488,-9.146341
64,0.6789551,-0.016845703,0.30371094,-84.664635,18.018293,-15.97561
64,0.63500977,-0.19458008,0.2866211,-122.835365,27.408537,-17.042683
64,0.69262695,-0.3215332,0.30371094,-113.32317,35.396343,-5.365854
64,0.779541,-0.38500977,0.35668945,-68.29269,30.640245,-10.213415
64,0.77905273,-0.38891602,0.3935547,-33.841465,18.90244,-22.896341
64,0.734375,-0.38598633,0.42089844,-2.4390244,8.1402445,-36.036587
64,0.81884766,-0.41748047,0.43920898,26.82927,3.0182927,-48.536587
64,0.9074707,-0.36987305,0.42382813,34.664635,0.5487805,-55.335365
64,1.1865234,-0.33789063,0.39868164,22.042683,1.8597561,-59.390244
64,1.6186523,-0.33691406,0.5095215,0.09146342,-2.8963416,-53.20122
64,1.0229492,-0.28344727,0.4807129,-33.47561,-11.371951,-17.957317
64,0.6611328,-0.2980957,0.37817383,-48.262196,1.0365853,36.280487
64,0.95825195,-0.26635742,0.3034668,17.22561,-9.481708,76.12805
65,1.0007324,-0.2783203,0.3022461,58.963417,-13.963415,100.21342
65,1.0144043,-0.28149414,0.29785156,80.67073,-11.463415,113.5061
65,0.85375977,-0.19165039,0.33251953,83.32317,-8.719512,115.426834
65,0.67211914,-0.15332031,0.32666016,54.542683,-10,106.89024
65,0.5786133,-0.13623047,0.29516602,-2.012195,-3.140244,80.88415
65,0.6569824,-0.30908203,0.24438477,-16.158537,-16.463415,75.94512
65,0.71728516,-0.30786133,0.23461914,17.713415,-10.304878,45.914635
65,0.7675781,-0.27416992,0.22387695,30.274391,-3.2926831,32.07317
65,0.9260254,-0.24902344,0.26220703,35.121952,5.5792685,10
65,1.0944824,-0.20507813,0.31835938,27.37805,16.09756,-9.847561
65,1.1313477,-0.15649414,0.3605957,3.8414636,20.54878,-25.914635
65,1.2561035,-0.16967773,0.38085938,-40.060978,18.414635,-42.560978
65,1.480957,-0.23510742,0.38671875,-55.73171,16.859756,-64.63415
65,1.1479492,-0.3161621,0.4387207,-60.640244,-17.5,-89.60366
65,0.74194336,-0.42700195,0.5332031,-39.268295,-30.396341,-90.518295
65,0.72216797,-0.3154297,0.4741211,3.6890244,-16.524391,-73.17073
65,0.8664551,-0.18286133,0.37768555,41.67683,-14.29878,-49.02439
65,0.9050293,-0.001220703,0.2980957,42.34756,-5.8231707,-13.353659
65,0.8691406,0.06665039,0.32763672,9.603659,7.042683,-8.597561
65,0.7783203,0.00390625,0.36035156,-39.939026,8.109756,-14.573171
65,0.68603516,-0.1640625,0.3359375,-117.10366,17.37805,-29.481709
65,0.68188477,-0.2849121,0.2902832,-132.98781,32.012196,-27.896341
65,0.7126465,-0.34887695,0.2770996,-94.48171,30.731709,-35
65,0.76293945,-0.4243164,0.3383789,-17.92683,19.32927,-44.634148
65,0.7561035,-0.46435547,0.40625,20.640244,11.158537,-50.548782
65,0.8300781,-0.44311523,0.44506836,43.689026,6.25,-57.77439
65,0.9250488,-0.40722656,0.46826172,41.646343,0.57926834,-62.19512
65,1.0539551,-0.35229492,0.46240234,12.77439,4.1463413,-59.573174
65,1.4250488,-0.44018555,0.47998047,-18.59756,5.0914636,-49.512196
65,1.1577148,-0.44750977,0.5031738,-26.524391,-8.262196,-15.518293
66,0.7348633,-0.3955078,0.41748047,-22.195122,-4.420732,31.707317
66,0.8798828,-0.38745117,0.35107422,12.256098,-6.9817076,67.22561
66,0.9941406,-0.3955078,0.33007813,83.689026,-13.20122,97.37805
66,0.98828125,-0.36328125,0.29882813,109.29878,-11.280488,113.96342
66,1.0493164,-0.2644043,0.31103516,126.98171,-6.3109756,120.57927
66,0.77905273,-0.07397461,0.29516602,95.121956,0.27439025,127.07317
66,0.65356445,-0.078125,0.25170898,28.384148,7.22561,118.84147
66,0.7302246,-0.22021484,0.24023438,-1.3719512,-1.5243902,125.518295
66,0.8786621,-0.26098633,0.21948242,16.036585,7.530488,103.23171
66,0.8911133,-0.23657227,0.21948242,16.463415,9.756098,95.060974
66,0.953125,-0.23120117,0.25585938,13.75,10.823171,76.92073
66,1.1154785,-0.16137695,0.32104492,8.04878,22.987806,41.768295
66,1.0927734,-0.09741211,0.35009766,-13.506098,26.432928,14.847561
66,0.96435547,-0.07739258,0.38989258,-45.85366,19.664635,-9.634147
66,1.3032227,-0.22314453,0.38793945,-57.012196,24.32927,-61.58537
66,1.1430664,-0.35986328,0.4260254,-45.457317,-1.25,-104.35976
66,0.7817383,-0.38354492,0.5349121,-29.908537,-28.231709,-125.79269
66,0.7043457,-0.35839844,0.54956055,2.0731707,-20.70122,-126.15854
66,0.8508301,-0.30859375,0.4975586,35.82317,-19.603659,-106.61586
66,0.9020996,-0.18603516,0.39794922,52.835365,-18.384148,-76.52439
66,0.91186523,-0.043945313,0.28637695,28.567074,-0.88414633,-48.689026
66,0.7897949,-0.033447266,0.30517578,0.6097561,1.7378049,-49.786587
66,0.7180176,-0.14477539,0.35107422,-46.219513,-3.780488,-55.70122
66,0.7531738,-0.3293457,0.31567383,-108.04878,23.414635,-57.40854
66,0.7609863,-0.37817383,0.2861328,-97.80488,27.560976,-44.359756
66,0.8041992,-0.40771484,0.31347656,-61.58537,17.317074,-51.219513
66,0.7324219,-0.45288086,0.36767578,-22.591463,8.018292,-52.073174
66,0.72753906,-0.4284668,0.40429688,-2.4085367,0.7621951,-56.310978
66,0.82543945,-0.43432617,0.44848633,10.304878,0.79268295,-63.62805
66,0.98779297,-0.39257813,0.48754883,15.6402445,-0.7621951,-56.920734
66,1.3251953,-0.39794922,0.50805664,3.3536587,0.030487806,-43.59756
66,1.4265137,-0.39526367,0.57958984,-7.2865853,-9.481708,-23.993902
67,0.8125,-0.34375,0.4711914,-33.07927,-7.4390244,26.82927
67,0.74975586,-0.37548828,0.37963867,-14.603659,-5.2439027,70.18293
67,0.9301758,-0.39941406,0.3371582,37.317074,-14.085366,91.0061
67,1.0583496,-0.37890625,0.32543945,92.347565,-13.780488,113.2622
67,1.1162109,-0.29663086,0.3190918,109.5122,-7.3475614,121.371956
67,0.93847656,-0.13720703,0.3161621,98.689026,-9.756098,135.85367
67,0.7211914,-0.114990234,0.28857422,41.40244,-1.097561,138.17073
67,0.7758789,-0.17382813,0.25585938,10.213415,1.0670732,135.06097
67,0.8261719,-0.21289063,0.23950195,13.506098,-2.957317,120.21342
67,0.8198242,-0.23022461,0.25341797,14.481708,0.09146342,96.097565
67,0.9304199,-0.24633789,0.26098633,17.804878,7.682927,72.19512
67,0.9953613,-0.1743164,0.27246094,17.591463,16.341463,46.615856
67,1.1030273,-0.13867188,0.32006836,-7.682927,21.036587,10.030488
67,0.9650879,-0.11230469,0.35180664,-30.731709,17.317074,-18.018293
67,1.0710449,-0.15820313,0.3774414,-43.871952,15,-47.19512
67,1.3115234,-0.3334961,0.39746094,-37.042683,5.97561,-94.05488
67,0.98339844,-0.37402344,0.4807129,-26.006098,-23.292683,-125.85366
67,0.80200195,-0.37548828,0.5432129,-11.646341,-27.743902,-130.97562
67,0.87719727,-0.28198242,0.48339844,5.2439027,-15.853659,-107.621956
67,0.9091797,-0.19604492,0.39282227,7.1341467,-17.286585,-78.53659
67,0.9128418,-0.123046875,0.3149414,6.402439,-9.939025,-48.75
67,0.80810547,-0.07714844,0.29248047,0.36585367,-2.195122,-33.780487
67,0.6706543,-0.114990234,0.31811523,-30.762196,-2.2256098,-30.762196
67,0.63183594,-0.22265625,0.31225586,-81.64635,9.878049,-40.365856
67,0.72094727,-0.36865234,0.2783203,-106.676834,24.756098,-44.115856
67,0.7919922,-0.43701172,0.31445313,-73.75,21.737806,-41.67683
67,0.81030273,-0.44677734,0.35253906,-35.243904,21.737806,-47.987804
67,0.77001953,-0.43408203,0.4255371,-5.7317076,8.323171,-58.5061
67,0.81811523,-0.4321289,0.4724121,8.1402445,4.72561,-67.5
67,0.9086914,-0.41064453,0.4975586,9.939025,3.6890244,-72.89634
68,1.3869629,-0.48950195,0.48388672,-2.1646342,5.030488,-70.70122
68,1.5341797,-0.49560547,0.5012207,-0.70121956,-1.1890244,-49.05488
68,1.0576172,-0.38745117,0.43530273,-10.213415,-4.115854,-9.634147
68,0.7651367,-0.31323242,0.3527832,8.902439,-6.615854,65
68,0.9741211,-0.3461914,0.33129883,52.896343,-13.323171,93.14024
68,0.9609375,-0.36767578,0.29077148,80.18293,-12.347561,113.38415
68,1.0065918,-0.32788086,0.2866211,103.81098,-9.512196,128.81097
68,0.92211914,-0.20166016,0.2854004,106.85976,-5.8536587,133.93294
68,0.7541504,-0.09643555,0.2614746,81.28049,-0.945122,143.75
68,0.6904297,-0.17285156,0.20605469,21.09756,3.9634147,130.2744
68,0.7927246,-0.26953125,0.20166016,17.591463,-1.7682927,115.39635
68,0.88378906,-0.2849121,0.2109375,28.841465,7.1341467,92.164635
68,0.9555664,-0.22094727,0.21166992,23.90244,15.152439,70.39634
68,1.0349121,-0.171875,0.24487305,9.847561,18.90244,46.890244
68,1.1804199,-0.11669922,0.28442383,-7.9573174,26.554878,16.768293
68,1.0012207,-0.07714844,0.3154297,-46.920734,16.981709,-16.768293
68,1.161377,-0.16186523,0.34106445,-58.90244,13.292684,-46.09756
68,1.4438477,-0.30419922,0.37573242,-46.09756,11.52439,-81.585365
68,0.9572754,-0.34594727,0.49316406,-27.713415,-34.57317,-115.914635
68,0.71606445,-0.3317871,0.53027344,-10.091464,-33.75,-113.62805
68,0.74853516,-0.23779297,0.48242188,12.865854,-26.12805,-94.29878
68,0.8623047,-0.12646484,0.37451172,27.713415,-23.689026,-60.03049
68,0.8808594,-0.037353516,0.29516602,19.268293,-14.512196,-34.359756
68,0.83081055,-0.008544922,0.28173828,8.262196,-4.5731707,-21.158537
68,0.7248535,-0.09838867,0.39208984,-31.737806,-6.158537,-29.664635
68,0.6958008,-0.21118164,0.3684082,-87.98781,10.792684,-42.012196
68,0.72680664,-0.2878418,0.32080078,-125.45732,29.359756,-47.621952
68,0.8251953,-0.4177246,0.33789063,-72.28659,18.506098,-59.32927
68,0.8125,-0.45336914,0.38061523,-22.713415,20.365854,-69.268295
68,0.83251953,-0.4650879,0.42016602,9.329268,14.054878,-76.95122
68,0.9379883,-0.4326172,0.46142578,24.207317,8.567074,-88.689026
69,1.0427246,-0.39526367,0.4716797,12.5,11.52439,-86.189026
69,1.2849121,-0.41967773,0.4243164,-18.170732,13.810976,-76.52439
69,1.3972168,-0.50439453,0.47460938,-24.146341,2.1341465,-32.10366
69,0.92822266,-0.38964844,0.41918945,-20.060976,0.7621951,16.79878
69,0.7270508,-0.3251953,0.31591797,-6.890244,4.237805,69.176834
69,0.9797363,-0.35766602,0.27441406,41.98171,-4.2987804,100.06098
69,1.0090332,-0.35791016,0.27294922,68.871956,-3.932927,117.347565
69,1.0578613,-0.3244629,0.28881836,86.85976,-4.664634,127.743904
69,0.8713379,-0.16992188,0.28344727,79.69512,-6.5853662,139.96951
69,0.73413086,-0.14428711,0.25805664,55.060978,-7.987805,145.06097
69,0.71875,-0.20825195,0.2265625,31.463415,-8.75,129.7561
69,0.8195801,-0.27441406,0.20898438,37.073174,-12.378049,113.53659
69,0.90356445,-0.26904297,0.21191406,46.859756,-6.0365853,94.72561
69,0.9680176,-0.24194336,0.23999023,44.87805,1.8292683,77.560974
69,1.0551758,-0.1616211,0.26953125,27.256098,12.103659,54.207317
69,1.1350098,-0.115234375,0.32006836,7.3475614,18.719513,30.97561
69,1.0461426,-0.096191406,0.34472656,-16.585365,13.963415,5.8536587
69,1.2099609,-0.13500977,0.33081055,-36.15854,10.884147,-32.92683
69,1.2844238,-0.25854492,0.34204102,-39.298782,2.2256098,-77.347565
69,0.93359375,-0.37695313,0.4416504,-34.786587,-33.780487,-115.64024
69,0.7097168,-0.35229492,0.50268555,-4.72561,-30.670732,-120.15244
69,0.8186035,-0.24853516,0.44067383,25.884148,-18.506098,-105.88415
69,0.8798828,-0.16894531,0.37963867,48.384148,-23.414635,-79.29878
69,0.89624023,-0.03466797,0.30981445,38.35366,-20.396341,-51.432926
69,0.83447266,0.010742188,0.34277344,12.256098,-10.152439,-50.396343
69,0.71240234,-0.072265625,0.39233398,-31.12805,-17.286585,-48.841465
69,0.7163086,-0.24633789,0.37817383,-99.7561,11.036586,-58.384148
69,0.72436523,-0.2956543,0.32983398,-101.98171,18.506098,-48.75
69,0.7597656,-0.30932617,0.32861328,-67.68293,15.6402445,-48.689026
69,0.7973633,-0.36645508,0.37060547,-31.67683,15.152439,-49.237804
70,0.8041992,-0.38916016,0.42211914,-15.121952,9.3902445,-49.207317
70,0.8330078,-0.39697266,0.4716797,-2.1036587,4.054878,-56.737804
70,0.9404297,-0.39135742,0.46679688,-6.6768293,3.8109758,-58.689026
70,1.2231445,-0.41186523,0.45825195,-19.72561,8.231708,-58.719513
70,1.6118164,-0.5007324,0.5114746,-16.493902,4.512195,-48.23171
70,0.9609375,-0.39038086,0.42407227,-36.15854,-2.0731707,-3.5670733
70,0.67944336,-0.34301758,0.35668945,-31.463415,2.4085367,56.646343
70,0.9641113,-0.29467773,0.29736328,21.493902,-12.530488,88.35366
70,1.0217285,-0.33666992,0.2668457,80.060974,-14.695123,119.42074
70,1.1276855,-0.31103516,0.26635742,106.0061,-9.512196,133.68903
70,1.0847168,-0.20800781,0.3005371,104.69512,-4.4817076,142.89635
70,0.8391113,-0.099853516,0.31225586,64.20732,3.5060976,146.0061
70,0.7590332,-0.11401367,0.28173828,10.365854,6.3719516,135.42683
70,0.7944336,-0.2019043,0.24438477,-18.719513,1.25,128.5061
70,0.77368164,-0.23120117,0.21728516,-11.128049,1.1890244,100.64024
70,0.7878418,-0.25805664,0.22753906,-6.432927,2.2256098,79.939026
70,0.88427734,-0.2800293,0.2529297,6.8292685,6.7987804,55.30488
70,1.0922852,-0.19604492,0.29882813,18.59756,20.487804,12.317074
70,0.9968262,-0.13623047,0.34423828,1.3414634,19.054878,-17.713415
70,1.0546875,-0.17675781,0.38061523,-21.859756,14.817074,-42.439026
70,1.3220215,-0.25830078,0.37231445,-29.024391,19.207317,-88.14024
70,1.0615234,-0.3256836,0.42163086,-31.890245,-10.54878,-121.82927
70,0.8601074,-0.3581543,0.4885254,-27.286587,-19.512196,-132.53049
70,0.92871094,-0.30444336,0.47924805,-6.768293,-7.9573174,-118.414635
70,0.9304199,-0.2607422,0.4333496,12.896341,-13.414635,-90.426834
70,0.9370117,-0.17895508,0.35180664,20.762196,-11.676829,-70.64024
70,0.8774414,-0.11645508,0.3076172,14.481708,-4.4817076,-51.12805
70,0.7416992,-0.119140625,0.34472656,-10.213415,-6.4939027,-47.2561
70,0.6274414,-0.17285156,0.3232422,-59.87805,7.7134147,-49.512196
70,0.6809082,-0.27026367,0.2775879,-98.62805,20.518293,-47.621952
70,0.7414551,-0.34423828,0.2849121,-85.21342,24.908537,-46.493904
71,0.8034668,-0.421875,0.33032227,-56.707317,20.792683,-49.390244
71,0.74243164,-0.44018555,0.38720703,-27.256098,13.20122,-50.823174
71,0.81347656,-0.4633789,0.44750977,-8.658537,5.182927,-59.298782
71,0.9165039,-0.4794922,0.49487305,8.170732,2.2256098,-63.75
71,1.0917969,-0.46679688,0.45361328,10.060976,1.6768293,-59.69512
71,1.4851074,-0.5197754,0.47192383,14.695123,2.682927,-49.298782
71,1.2993164,-0.4663086,0.4765625,22.317074,-8.780488,-15.365854
71,0.6652832,-0.31079102,0.40185547,8.04878,-0.945122,52.073174
71,0.8532715,-0.2902832,0.3466797,29.115854,-7.042683,93.597565
71,0.9987793,-0.35327148,0.31176758,62.98781,-8.689025,114.11586
71,1.079834,-0.38330078,0.28076172,90.121956,-7.3475614,126.189026
71,1.1418457,-0.29345703,0.28637695,106.85976,-0.88414633,134.17683
71,0.94433594,-0.1586914,0.29345703,99.32927,-2.5609756,146.67683
71,0.7507324,-0.09423828,0.24829102,41.15854,6.7073174,142.80489
71,0.78759766,-0.20043945,0.2253418,8.963415,4.115854,135.12195
71,0.8261719,-0.26342773,0.20483398,13.810976,-2.957317,119.72561
71,0.88256836,-0.25317383,0.22314453,14.02439,5.4268293,94.54269
71,0.96362305,-0.25024414,0.2487793,16.67683,7.7439027,74.42073
71,1.1052246,-0.20898438,0.29858398,21.067074,16.341463,49.05488
71,1.1049805,-0.12231445,0.36206055,3.75,20.457317,17.042683
71,1.0036621,-0.080566406,0.39233398,-24.603659,15.884147,-4.054878
71,1.2280273,-0.119628906,0.38745117,-47.682926,22.256098,-36.189026
71,1.0888672,-0.27514648,0.4177246,-56.890244,-8.231708,-89.11585
71,0.857666,-0.38793945,0.5317383,-43.414635,-25.060976,-114.72561
71,0.7507324,-0.33862305,0.5720215,-19.664635,-15.792684,-123.62805
71,0.84228516,-0.28686523,0.52075195,9.664635,-14.908537,-112.19512
71,0.9020996,-0.17626953,0.43286133,21.920732,-12.286586,-93.84147
71,0.91015625,-0.055419922,0.35058594,8.170732,-0.09146342,-75.914635
71,0.74780273,-0.030761719,0.3305664,-29.72561,2.1341465,-73.78049
71,0.68188477,-0.13208008,0.33691406,-74.42073,7.3170733,-77.95732
72,0.7182617,-0.26586914,0.29077148,-116.82927,26.067074,-74.48171
72,0.7741699,-0.35131836,0.24267578,-99.085365,38.140244,-60.792683
72,0.82836914,-0.3918457,0.26611328,-64.23781,31.67683,-60.670734
72,0.82666016,-0.43481445,0.2998047,-38.292683,24.87805,-61.67683
72,0.8955078,-0.46533203,0.40820313,-15.091464,13.689025,-69.5122
72,0.9030762,-0.48095703,0.4658203,-9.542684,5.6097565,-83.993904
72,0.96972656,-0.4987793,0.4597168,-16.310976,0.73170733,-91.768295
72,1.3806152,-0.6755371,0.4560547,-7.9268293,1.7073171,-82.04269
72,1.3862305,-0.67089844,0.4580078,20.97561,-14.481708,-40.97561
72,0.890625,-0.44555664,0.4501953,33.20122,-18.689024,18.445122
72,0.671875,-0.25610352,0.41137695,45.975613,-20.274391,90.27439
72,0.9042969,-0.30419922,0.35888672,57.865856,-15.579268,117.19512
72,0.96240234,-0.34985352,0.29101563,69.39024,-12.042684,132.40854
72,1.1442871,-0.390625,0.27319336,82.59147,-7.9268293,139.69513
72,1.1257324,-0.21899414,0.26782227,91.493904,-0.9756098,141.85976
72,0.9406738,-0.1184082,0.27075195,71.21951,3.3841465,157.01219
72,0.8718262,-0.099853516,0.21386719,8.597561,10.213415,139.35976
72,0.8708496,-0.16186523,0.20800781,-25.57927,0.45731708,140.48781
72,0.8911133,-0.25,0.19433594,-36.128048,-2.957317,120.914635
72,0.8222656,-0.2697754,0.20825195,-40.030487,-5.518293,96.82927
72,0.935791,-0.31079102,0.2397461,-20.304878,-5.4268293,74.29878
72,1.0473633,-0.3046875,0.2861328,8.445122,4.359756,44.115856
72,0.9033203,-0.22216797,0.37475586,19.603659,-2.5914636,8.719512
72,0.9868164,-0.22680664,0.4399414,17.865854,-5.487805,-17.682928
72,1.2219238,-0.29077148,0.46728516,25.365854,-2.0731707,-59.786587
72,0.95166016,-0.34692383,0.6022949,25.15244,-42.164635,-113.414635
72,0.82958984,-0.3605957,0.63500977,20.884148,-38.140244,-131.28049
72,0.8833008,-0.27197266,0.57177734,20.731709,-18.323172,-124.11586
72,0.9562988,-0.119384766,0.42993164,1.9817073,-8.47561,-93.44512
72,0.9616699,-0.057128906,0.35253906,-10.426829,2.4085367,-78.597565
72,0.86743164,-0.048339844,0.32617188,-20.853659,8.384147,-71.768295
73,0.69506836,-0.118896484,0.32104492,-67.5,10.243902,-64.90854
73,0.66503906,-0.25,0.2775879,-112.439026,25.57927,-63.23171
73,0.71972656,-0.3371582,0.22583008,-119.87805,42.225613,-55.609756
73,0.79418945,-0.40283203,0.2541504,-82.439026,39.969513,-50.792683
73,0.82055664,-0.44873047,0.30371094,-54.786587,29.756098,-58.323174
73,0.80566406,-0.46948242,0.39453125,-27.682928,20.945122,-67.53049
73,0.8405762,-0.45581055,0.4453125,-12.408537,11.8902445,-88.65854
73,0.9638672,-0.4650879,0.4572754,-19.390244,7.408537,-101.06708
73,1.2941895,-0.560791,0.43359375,-21.737806,7.7439027,-103.35366
73,1.423584,-0.670166,0.43359375,9.847561,-7.9573174,-62.286587
73,0.97314453,-0.4753418,0.42163086,31.737806,-13.567074,-3.5670733
73,0.6789551,-0.25195313,0.40112305,40.30488,-14.207317,59.05488
73,0.9223633,-0.3479004,0.3630371,49.939026,-17.65244,108.597565
73,0.9465332,-0.38208008,0.2939453,60.15244,-10.884147,127.10366
73,1.0656738,-0.4230957,0.28710938,70.518295,-12.042684,137.31708
73,1.0759277,-0.2241211,0.29663086,95.82317,-5.2134147,140.57927
73,0.87890625,-0.114990234,0.2619629,90.09147,-2.652439,162.53049
73,0.7871094,-0.11816406,0.2475586,46.768295,0.42682928,136.25
73,0.892334,-0.14477539,0.24121094,-17.896341,11.585366,131.92073
73,0.8569336,-0.24975586,0.2290039,-26.67683,3.0487804,124.14635
73,0.90185547,-0.25024414,0.24609375,-20.57927,7.6219516,102.80488
73,0.9189453,-0.2697754,0.28344727,2.8658538,7.8353662,79.63415
73,1.0266113,-0.23608398,0.3203125,15.731708,14.45122,52.317074
73,1.0134277,-0.1796875,0.3564453,11.493903,15.457317,21.615854
73,0.92749023,-0.19262695,0.39526367,-11.158537,8.445122,-23.689026
73,1.1647949,-0.2932129,0.39086914,-18.90244,11.189025,-68.47561
73,1.03125,-0.37402344,0.4338379,-15.060976,-10.670732,-119.78659
73,0.76660156,-0.4086914,0.5373535,-1.7987806,-32.469513,-154.11586
73,0.8322754,-0.3947754,0.5332031,19.054878,-21.219513,-156.34146
73,0.9567871,-0.30566406,0.49291992,41.859756,-16.95122,-139.35976
74,0.94091797,-0.14233398,0.35253906,30.57927,-11.310976,-96.79878
74,0.9016113,-0.092041016,0.2915039,11.676829,-0.030487806,-71.61585
74,0.7663574,-0.06518555,0.3203125,-11.067074,0.27439025,-55.518295
74,0.6442871,-0.19921875,0.32104492,-78.018295,9.02439,-46.463417
74,0.68237305,-0.29052734,0.27416992,-113.871956,25.57927,-38.23171
74,0.7583008,-0.36035156,0.2680664,-110.57927,26.40244,-26.79878
74,0.8244629,-0.4333496,0.3269043,-77.560974,19.420732,-25.518293
74,0.7519531,-0.45629883,0.35009766,-48.35366,13.932927,-26.859756
74,0.7844238,-0.48046875,0.421875,-17.530489,5.792683,-34.359756
74,0.8574219,-0.453125,0.48583984,8.963415,-1.097561,-48.567074
74,1.001709,-0.4489746,0.47070313,14.02439,-2.9268293,-52.225613
74,1.467041,-0.46533203,0.5083008,18.07927,-0.6097561,-52.865856
74,1.2143555,-0.33544922,0.49609375,-6.737805,-14.085366,-22.012196
74,0.7595215,-0.30249023,0.44458008,-26.493902,-5.182927,28.719513
74,0.8249512,-0.29516602,0.375,-0.12195122,-9.939025,67.439026
74,0.9667969,-0.3161621,0.32348633,55.27439,-10.060976,98.81098
74,0.970459,-0.3095703,0.2854004,70.45732,-9.847561,113.96342
74,1.0314941,-0.25585938,0.30371094,79.87805,-4.02439,123.29269
74,0.84472656,-0.1274414,0.31884766,63.109756,-1.8597561,127.46951
74,0.6970215,-0.12817383,0.27856445,21.219513,-3.932927,124.63415
74,0.69091797,-0.21557617,0.25073242,-14.359756,-4.268293,104.96951
74,0.7414551,-0.27929688,0.23388672,-6.9817076,-11.189025,85.27439
74,0.7783203,-0.296875,0.22851563,4.8170733,-4.5731707,59.573174
74,0.8483887,-0.31982422,0.24072266,17.256098,-0.42682928,40.762196
74,1.0151367,-0.28100586,0.3137207,34.786587,6.6768293,14.603659
74,1.0974121,-0.25146484,0.3544922,37.743904,11.158537,-4.2073174
74,1.0402832,-0.2055664,0.37426758,23.07927,8.75,-21.920732
74,1.2531738,-0.23046875,0.38720703,-12.957317,10.487805,-56.55488
74,1.213623,-0.33813477,0.44580078,-28.658537,-9.756098,-94.63415
74,0.86450195,-0.3815918,0.52905273,-30.274391,-35.70122,-116.85976
74,0.6455078,-0.3552246,0.5058594,-22.65244,-26.768293,-96.85976
74,0.77368164,-0.3017578,0.45581055,5.914634,-19.634148,-79.20732
75,0.87060547,-0.21411133,0.39990234,31.768293,-19.115854,-53.810978
75,0.8520508,-0.1015625,0.33520508,29.939026,-7.5,-19.603659
75,0.73461914,-0.05102539,0.35180664,5.121951,-1.4634147,-12.164635
75,0.64746094,-0.115722656,0.35595703,-43.628048,0.57926834,-12.865854
75,0.6689453,-0.29174805,0.32714844,-85.45732,16.493902,-17.865854
75,0.7277832,-0.4013672,0.34643555,-67.22561,18.689024,-15.487805
75,0.7937012,-0.42041016,0.40454102,-43.414635,16.280489,-19.420732
75,0.7524414,-0.3881836,0.3972168,-23.841463,12.957317,-24.695122
75,0.7607422,-0.35229492,0.40454102,-5.121951,4.9390244,-29.32927
75,0.8713379,-0.3737793,0.44750977,5.152439,2.5609756,-37.896343
75,1.0849609,-0.36523438,0.44506836,13.231708,4.664634,-43.262196
75,1.5148926,-0.39111328,0.4645996,6.890244,6.158537,-46.493904
75,1.4545898,-0.33251953,0.50219727,-16.40244,-2.5914636,-42.5
75,0.7631836,-0.31518555,0.38598633,-50.57927,-4.359756,-1.8597561
75,0.720459,-0.32910156,0.3166504,-23.20122,-3.902439,33.140244
75,0.9589844,-0.32543945,0.29174805,35.73171,-10.823171,50.213417
75,0.91674805,-0.32104492,0.23071289,79.42073,-14.756098,79.45122
75,0.9350586,-0.25073242,0.24365234,99.48171,-12.073171,90.060974
75,0.83813477,-0.15673828,0.25170898,109.23781,-13.262196,99.72561
75,0.69921875,-0.087646484,0.24389648,61.40244,-9.603659,88.414635
75,0.69628906,-0.18408203,0.24804688,13.231708,-17.713415,81.006096
75,0.73828125,-0.24804688,0.23950195,-13.47561,-2.195122,51.189026
75,0.8845215,-0.30615234,0.23999023,0.91463417,-5.518293,41.0061
75,0.9152832,-0.27612305,0.24584961,17.195122,6.920732,21.158537
75,1.0041504,-0.2409668,0.29785156,15.97561,12.469513,10.243902
75,1.1350098,-0.18701172,0.3408203,5.6097565,24.115854,-6.7073174
75,1.0227051,-0.115722656,0.3491211,-17.22561,16.82927,-19.542683
75,1.2272949,-0.18383789,0.37841797,-40.42683,18.62805,-34.90854
75,1.3063965,-0.32617188,0.4272461,-40.884148,4.420732,-70.060974
75,0.8754883,-0.38378906,0.5041504,-33.689026,-29.146341,-88.65854
76,0.59521484,-0.40966797,0.5222168,-11.402439,-29.87805,-74.085365
76,0.7644043,-0.26611328,0.41381836,51.15854,-11.981708,-42.317074
76,0.8696289,-0.1418457,0.31958008,74.756096,-9.969512,-13.567074
76,0.9133301,-0.003417969,0.2734375,52.19512,-5.304878,1.3414634
76,0.767334,0.029785156,0.32885742,-6.1890244,1.9512196,-5.2439027
76,0.64501953,-0.08154297,0.3359375,-57.865856,3.1707318,-9.695122
76,0.6398926,-0.23950195,0.3203125,-92.98781,16.920732,-16.463415
76,0.7404785,-0.390625,0.32739258,-66.70732,24.512196,-13.04878
76,0.7961426,-0.38378906,0.36816406,-24.603659,19.664635,-17.5
76,0.75268555,-0.34887695,0.3996582,0.21341464,11.554878,-21.189024
76,0.73461914,-0.36376953,0.42407227,12.77439,0,-31.646341
76,0.8327637,-0.36669922,0.44067383,22.987806,-0.42682928,-40.30488
76,0.95336914,-0.3371582,0.43310547,22.591463,-0.6097561,-47.225613
76,1.4460449,-0.3815918,0.45996094,7.9573174,2.012195,-48.44512
76,1.5039063,-0.36035156,0.5126953,-8.384147,-5.121951,-45.121952
76,0.97216797,-0.32739258,0.44604492,-38.292683,-11.920732,-18.07927
76,0.60717773,-0.33740234,0.31689453,-24.695122,-6.3719516,40.27439
76,0.93530273,-0.3149414,0.27368164,36.920734,-14.542684,57.34756
76,0.9577637,-0.29296875,0.25048828,76.52439,-13.993903,77.31708
76,1.020752,-0.22802734,0.23168945,85.7622,-8.109756,96.28049
76,0.9172363,-0.14770508,0.28320313,85.27439,-6.6768293,103.32317
76,0.7927246,-0.12036133,0.27514648,63.5061,-10.914635,104.32927
76,0.6958008,-0.087890625,0.28979492,-11.463415,0.4878049,72.926834
76,0.75756836,-0.25195313,0.28466797,-46.463417,-7.652439,75.73171
76,0.8527832,-0.26879883,0.25146484,-13.658537,-6.097561,49.542683
76,0.82177734,-0.22753906,0.24267578,3.1707318,1.2804878,30.823172
76,0.92993164,-0.2536621,0.2685547,19.786587,3.2317073,15.6402445
76,1.098877,-0.23217773,0.34057617,35.213417,12.926829,-2.8963416
76,1.0893555,-0.17773438,0.38183594,22.134148,15.426829,-25.335367
76,1.2067871,-0.19506836,0.37060547,-4.2987804,16.310976,-40.609756
76,1.4318848,-0.26733398,0.39160156,-19.268293,15.70122,-62.40854
77,1.001709,-0.33642578,0.44506836,-28.567074,-18.018293,-91.55488
77,0.6516113,-0.3552246,0.46679688,-27.256098,-27.621952,-77.95732
77,0.6611328,-0.30151367,0.42138672,1.8597561,-12.835366,-55.243904
77,0.8444824,-0.18652344,0.34545898,37.378048,-8.963415,-22.743902
77,0.8786621,-0.1027832,0.27246094,33.109756,-9.817074,-5.9451222
77,0.8417969,-0.09814453,0.28344727,22.073172,-4.1768293,-5.27439
77,0.69091797,-0.123046875,0.3371582,-13.75,-3.7195122,-7.3475614
77,0.65112305,-0.2043457,0.34936523,-52.896343,4.9390244,-12.317074
77,0.6748047,-0.2861328,0.31884766,-66.097565,17.317074,-12.378049
77,0.75927734,-0.31225586,0.3076172,-38.262196,13.75,-15.518293
77,0.80126953,-0.32080078,0.3408203,-16.158537,8.871951,-18.719513
77,0.72143555,-0.30444336,0.38208008,-6.737805,0.42682928,-18.841463
77,0.75439453,-0.36254883,0.42919922,3.0792685,-9.054878,-28.841465
77,0.86694336,-0.40429688,0.4650879,19.908537,-12.621951,-39.634148
77,0.9543457,-0.37036133,0.46679688,25.792683,-12.926829,-45.243904
77,1.3701172,-0.4140625,0.49316406,14.054878,-9.268293,-56.067074
77,1.3981934,-0.38793945,0.5136719,2.042683,-9.634147,-51.12805
77,0.92871094,-0.3322754,0.41674805,-31.09756,-7.4390244,-23.62805
77,0.82055664,-0.3466797,0.3190918,-24.024391,3.140244,31.67683
77,0.9863281,-0.32763672,0.27514648,31.158537,-8.719512,59.298782
77,1.0009766,-0.35986328,0.25317383,66.371956,-8.841464,74.14635
77,1.0983887,-0.22094727,0.28027344,95.914635,1.7987806,111.12805
77,0.89746094,-0.08178711,0.21899414,115.94512,1.3109757,123.201225
77,0.7558594,-0.07080078,0.28955078,73.62805,6.006098,112.89635
77,0.8078613,-0.0690918,0.3466797,-92.53049,25.518293,109.29878
77,0.7915039,-0.31201172,0.24853516,-103.71951,10.731708,117.98781
77,0.77563477,-0.24389648,0.24780273,-65.97561,18.262196,75.79269
77,0.81274414,-0.30029297,0.1977539,-66.493904,27.865854,49.146343
77,0.95581055,-0.38720703,0.26538086,-49.32927,27.743902,22.256098
77,1.0415039,-0.3071289,0.3569336,-12.347561,28.262196,-2.4695122
78,1.0195313,-0.21826172,0.38476563,-3.445122,18.018293,-27.439026
78,1.2766113,-0.27148438,0.39086914,-13.018293,13.719513,-57.042683
78,1.3535156,-0.39038086,0.42822266,-1.7073171,-2.957317,-96.92073
78,0.78759766,-0.39135742,0.51586914,17.804878,-39.085365,-123.47562
78,0.65649414,-0.36035156,0.47460938,30.396341,-21.310976,-102.65244
78,0.8210449,-0.2614746,0.39575195,46.0061,-2.835366,-91.951225
78,0.93115234,-0.09008789,0.30151367,27.835367,-3.3841465,-67.5
78,0.8913574,-0.07470703,0.26782227,-1.6768293,4.878049,-52.2561
78,0.83203125,-0.13647461,0.31079102,-15.182927,5.121951,-44.115856
78,0.7023926,-0.2529297,0.3334961,-58.993904,8.628049,-39.634148
78,0.70458984,-0.35717773,0.30126953,-88.07927,22.743902,-30.853659
78,0.748291,-0.41796875,0.29003906,-72.164635,22.957317,-24.29878
78,0.74194336,-0.40722656,0.3244629,-27.34756,14.603659,-23.780489
78,0.73950195,-0.40161133,0.3569336,-6.8292685,9.481708,-24.695122
78,0.8232422,-0.3786621,0.3942871,5.182927,8.04878,-30.731709
78,0.93066406,-0.3864746,0.42700195,8.018292,3.5365853,-36.067074
78,1.0524902,-0.35888672,0.40893555,4.1463413,4.4817076,-35.060978
78,1.3869629,-0.3857422,0.44604492,-1.1280488,2.3170733,-26.371952
78,1.2817383,-0.3791504,0.5151367,-13.109756,-11.158537,-11.219513
78,0.76708984,-0.32104492,0.40234375,-28.536587,-7.2865853,25.70122
78,0.7302246,-0.3112793,0.31152344,-9.054878,-4.3292685,59.7561
78,0.9338379,-0.29467773,0.28295898,58.963417,-10.518293,82.439026
78,0.9145508,-0.2775879,0.2541504,79.05488,-7.408537,93.75
78,1.0061035,-0.2746582,0.2849121,90.67073,0.18292683,96.189026
78,0.8391113,-0.10546875,0.25708008,75.85366,4.542683,89.81708
78,0.6538086,-0.09277344,0.28857422,13.567074,1.9817073,78.17073
78,0.6748047,-0.1743164,0.24072266,-55.640244,4.8170733,82.40854
78,0.7541504,-0.2902832,0.20166016,-21.25,-6.8292685,61.95122
78,0.83862305,-0.2878418,0.22802734,-2.1646342,-0.33536586,44.7561
78,0.91845703,-0.30004883,0.22558594,15.091464,4.2073174,37.073174
78,1.0549316,-0.2211914,0.28955078,24.908537,10.365854,12.408537
79,1.1152344,-0.16259766,0.34521484,16.40244,14.847561,-5.8536587
79,1.078125,-0.14526367,0.3659668,-8.323171,11.310976,-23.780489
79,1.4067383,-0.27246094,0.38183594,-33.59756,8.506098,-57.042683
79,1.1577148,-0.3869629,0.45483398,-24.17683,-20,-87.86585
79,0.83081055,-0.4243164,0.5559082,-2.1036587,-39.115856,-98.35366
79,0.7062988,-0.3322754,0.5073242,30.670732,-22.439026,-73.993904
79,0.83813477,-0.20019531,0.4189453,43.932926,-15.213415,-50.30488
79,0.88720703,-0.06591797,0.34936523,38.170734,-8.414635,-25.121952
79,0.82128906,0.03515625,0.34448242,4.4512196,3.2317073,-13.841464
79,0.67822266,-0.039794922,0.36499023,-39.207317,3.2012196,-15.792684
79,0.592041,-0.18359375,0.3474121,-86.82927,11.25,-18.993902
79,0.6394043,-0.32714844,0.30273438,-104.847565,29.542685,-19.603659
79,0.7426758,-0.3942871,0.31860352,-76.15854,28.780489,-21.067074
79,0.79956055,-0.43115234,0.34155273,-26.158537,21.25,-24.420732
79,0.75219727,-0.41967773,0.42114258,19.939024,6.3109756,-33.963417
79,0.8166504,-0.3918457,0.44628906,36.0061,2.2560976,-42.469513
79,0.8894043,-0.35986328,0.45263672,33.963417,-1.3414634,-54.573174
79,1.0854492,-0.3305664,0.45166016,4.6951222,0.8231708,-57.92683
79,1.3447266,-0.3791504,0.46191406,-20.640244,4.02439,-51.036587
79,1.3381348,-0.44970703,0.48950195,-40.060978,-4.6951222,-32.07317
79,0.7907715,-0.38134766,0.41357422,-44.84756,-1.0060976,18.567074
79,0.88427734,-0.3762207,0.33984375,-10.914635,-4.237805,56.09756
79,0.96484375,-0.37695313,0.3022461,35,-9.908537,76.79878
79,0.9501953,-0.37402344,0.25952148,82.68293,-9.054878,97.19512
79,0.9797363,-0.28588867,0.30493164,107.37805,-7.378049,103.65854
79,0.8967285,-0.17919922,0.30664063,102.40854,-3.445122,112.835365
79,0.7246094,-0.042236328,0.26000977,27.286587,9.817074,102.31708
79,0.73095703,-0.16577148,0.2524414,-19.237804,1.3109757,115.21342
79,0.7866211,-0.26879883,0.26464844,-17.591463,-3.902439,88.75
79,0.84643555,-0.27319336,0.27954102,-2.5914636,4.02439,66.676834
80,0.8222656,-0.26708984,0.25976563,3.6890244,4.7865853,51.40244
80,0.96118164,-0.25756836,0.30371094,11.128049,7.012195,30.335367
80,1.1335449,-0.1977539,0.3708496,15.853659,13.689025,-4.542683
80,1.0368652,-0.16625977,0.37768555,-3.932927,4.390244,-26.310976
80,1.2709961,-0.2529297,0.37036133,-26.646341,5.121951,-56.219513
80,1.1325684,-0.3635254,0.4580078,-26.12805,-22.530489,-105.335365
80,0.80078125,-0.36547852,0.513916,-14.817074,-36.52439,-113.689026
80,0.67041016,-0.3239746,0.49316406,-2.652439,-25.030489,-101.21951
80,0.86083984,-0.22705078,0.4333496,19.146341,-15.884147,-78.20122
80,0.9230957,-0.15527344,0.3881836,29.786587,-11.829268,-47.40854
80,0.91381836,-0.036132813,0.37158203,21.463415,-0.6707317,-28.871952
80,0.71118164,-0.04711914,0.40576172,-17.317074,1.2195122,-25.609756
80,0.61694336,-0.15405273,0.41015625,-63.5061,8.871951,-27.65244
80,0.6374512,-0.2614746,0.36035156,-102.19512,28.993902,-37.317074
80,0.77197266,-0.37158203,0.3083496,-87.53049,30.518293,-37.957317
80,0.8059082,-0.38500977,0.3137207,-36.341465,28.262196,-40.030487
80,0.76464844,-0.37646484,0.35131836,-5.8841467,20.182928,-44.268295
80,0.8239746,-0.37426758,0.4025879,2.9268293,11.79878,-55.85366
80,0.90625,-0.38256836,0.42456055,0.42682928,6.1890244,-62.34756
80,1.0441895,-0.38061523,0.41479492,-8.689025,3.6890244,-63.23171
80,1.5727539,-0.47021484,0.44384766,-20.70122,-0.09146342,-60.73171
80,1.3186035,-0.4638672,0.47045898,-23.384148,-15.518293,-37.2561
80,0.7561035,-0.38305664,0.40405273,-23.719513,-13.597561,9.908537
80,0.81030273,-0.30297852,0.32177734,21.067074,-21.371952,67.28659
80,0.9765625,-0.3149414,0.30273438,70.335365,-21.493902,91.310974
80,0.9645996,-0.32202148,0.27856445,98.871956,-20.274391,110.21342
80,1.0568848,-0.23950195,0.33203125,113.2622,-6.3414636,122.0122
80,0.87524414,-0.11401367,0.33007813,92.46951,-4.6036587,131.34146
80,0.6989746,-0.09399414,0.28857422,56.859756,-2.5,127.89635
80,0.7375488,-0.14990234,0.28051758,-21.524391,3.6890244,98.689026
80,0.7780762,-0.27124023,0.24682617,-21.189024,-4.756098,93.10976
81,0.8022461,-0.26538086,0.23291016,-6.3414636,0.57926834,64.96951
81,0.8894043,-0.26000977,0.23876953,7.256098,7.9268293,44.02439
81,1.050293,-0.24291992,0.2788086,24.29878,13.20122,23.262196
81,1.1708984,-0.18408203,0.32177734,21.067074,22.682928,-0.5487805
81,1.0710449,-0.14624023,0.34887695,-16.95122,16.95122,-26.981709
81,1.2634277,-0.1977539,0.34057617,-41.55488,20.060976,-53.35366
81,1.2302246,-0.3244629,0.3786621,-47.134148,-1.5548781,-86.64635
81,0.7832031,-0.4333496,0.5029297,-23.993902,-35.670734,-106.89024
81,0.66674805,-0.40112305,0.49316406,9.634147,-28.993902,-95.60976
81,0.79589844,-0.29638672,0.41455078,43.810978,-18.780489,-71.79878
81,0.89868164,-0.115234375,0.30688477,56.859756,-17.896341,-35.914635
81,0.90112305,-0.005371094,0.30517578,38.65854,-7.865854,-19.908537
81,0.7631836,0.004882813,0.35888672,3.6890244,-5.152439,-13.353659
81,0.63134766,-0.15283203,0.37597656,-64.20732,3.4146342,-13.841464
81,0.67529297,-0.31030273,0.34985352,-95.03049,20.15244,-16.82927
81,0.7211914,-0.36669922,0.3408203,-89.39024,25.335367,-12.164635
81,0.76293945,-0.38891602,0.3701172,-52.68293,17.835367,-20.457317
81,0.7409668,-0.4416504,0.38867188,-8.841464,9.939025,-25.884148
81,0.74316406,-0.3786621,0.4206543,9.756098,5.670732,-39.207317
81,0.8581543,-0.39111328,0.43408203,9.237805,3.2926831,-56.341465
81,1.0822754,-0.39892578,0.41870117,11.981708,0.6097561,-65.15244
81,1.5305176,-0.42529297,0.46166992,8.871951,1.7987806,-65.45732
81,1.2780762,-0.3696289,0.4501953,-16.737804,-11.310976,-46.52439
81,0.8334961,-0.32641602,0.38427734,-41.310978,-1.9207318,0.09146342
81,0.7788086,-0.29418945,0.32104492,-19.756098,-7.3475614,43.536587
81,0.9992676,-0.27148438,0.3046875,39.390244,-9.268293,77.10366
81,1.0114746,-0.26123047,0.27270508,70.03049,-10.97561,114.20732
81,1.0007324,-0.19018555,0.26489258,100.97561,-10.182927,127.04269
81,0.8256836,-0.14526367,0.28857422,118.07927,-12.591464,110.30488
81,0.6743164,-0.05859375,0.32861328,62.80488,5.670732,99.20732
81,0.6359863,-0.064941406,0.3383789,-30.030489,3.0182927,82.86585
82,0.6364746,-0.29589844,0.20483398,-89.42073,-2.1646342,66.585365
82,0.72436523,-0.34033203,0.19384766,-27.591465,-8.871951,31.40244
82,0.7902832,-0.33642578,0.20825195,15.121952,2.3170733,8.689025
82,1.0114746,-0.32226563,0.24243164,44.237804,8.536586,-9.207317
82,1.1586914,-0.25390625,0.30200195,51.646343,17.34756,-29.695122
82,1.1318359,-0.18481445,0.34375,28.170732,13.628049,-49.542683
82,1.4726563,-0.24169922,0.359375,-19.72561,16.280489,-67.560974
82,1.3986816,-0.29833984,0.40454102,-40.091465,-3.780488,-84.48171
82,0.9104004,-0.34765625,0.4873047,-49.725613,-32.865856,-90.39635
82,0.6542969,-0.3540039,0.46118164,-28.810976,-19.72561,-58.35366
82,0.8083496,-0.27734375,0.39770508,8.47561,-11.25,-31.12805
82,0.8588867,-0.12158203,0.31054688,26.890245,-9.359756,-2.8658538
82,0.88427734,-0.012451172,0.26171875,26.006098,-2.378049,14.02439
82,0.7480469,-0.012451172,0.2956543,12.957317,1.3109757,13.871951
82,0.60668945,-0.07836914,0.36401367,-24.359756,-0.88414633,0.42682928
82,0.63012695,-0.29492188,0.3474121,-92.68293,22.286587,-8.445122
82,0.6801758,-0.3737793,0.31958008,-85.7622,27.22561,-6.0670733
82,0.7519531,-0.4091797,0.34204102,-36.52439,15.121952,-19.542683
82,0.73828125,-0.38232422,0.3701172,21.585367,14.908537,-29.756098
82,0.74243164,-0.3461914,0.39208984,25.70122,1.7987806,-36.128048
82,0.89746094,-0.3659668,0.44726563,22.34756,0.73170733,-47.19512
82,1.1582031,-0.33911133,0.44921875,12.682927,0,-56.798782
82,1.6049805,-0.39697266,0.48339844,-1.9817073,5.396342,-59.05488
82,1.2939453,-0.34960938,0.48291016,-25.884148,-2.5304878,-47.40854
82,0.7705078,-0.34960938,0.37426758,-50.15244,8.963415,6.3109756
82,0.9223633,-0.33203125,0.3413086,-11.493903,2.4390244,39.786587
82,1.0009766,-0.29223633,0.3161621,40.73171,-3.5060976,60.457317
82,0.92700195,-0.3088379,0.24609375,64.90854,-6.4634147,87.80488
82,0.96972656,-0.2319336,0.26879883,85.45732,-2.2865853,97.22561
82,0.7854004,-0.15991211,0.28051758,97.164635,-9.45122,103.65854
82,0.6086426,-0.10620117,0.28515625,39.542683,-10.518293,93.84147
83,0.6623535,-0.17578125,0.2770996,-15.884147,-5.182927,74.69512
83,0.7416992,-0.31860352,0.24853516,-22.957317,-10.487805,68.689026
83,0.83740234,-0.23828125,0.2397461,9.02439,0.79268295,37.469513
83,0.907959,-0.21850586,0.23779297,7.7134147,7.256098,24.634148
83,1.0727539,-0.21118164,0.27246094,7.6219516,16.310976,6.615854
83,1.1230469,-0.1315918,0.31323242,-7.77439,24.146341,-20.640244
83,1.0783691,-0.16796875,0.34057617,-37.378048,18.841463,-36.798782
83,1.3095703,-0.27001953,0.35180664,-53.567074,21.920732,-59.390244
83,1.1635742,-0.4189453,0.43359375,-38.628048,-10.121951,-97.77439
83,0.8220215,-0.4560547,0.5432129,-12.77439,-36.737804,-108.29269
83,0.6665039,-0.41625977,0.54467773,24.390244,-35.548782,-88.71951
83,0.7692871,-0.25073242,0.41870117,79.72561,-27.22561,-42.682926
83,0.8820801,-0.05908203,0.3173828,85.03049,-21.981709,-14.542684
83,0.91381836,0.13891602,0.2866211,54.90854,-7.408537,-2.0731707
83,0.70532227,0.1340332,0.36157227,-24.969513,-3.932927,-6.1890244
83,0.6140137,-0.040283203,0.36621094,-92.164635,6.432927,-13.993903
83,0.6425781,-0.24780273,0.33129883,-125.7622,26.158537,-8.628049
83,0.7355957,-0.32250977,0.32592773,-97.439026,31.036587,-8.75
83,0.76586914,-0.33276367,0.33154297,-64.5122,25.518293,-22.92683
83,0.7246094,-0.35009766,0.34301758,-26.737806,15.060976,-24.817074
83,0.765625,-0.40478516,0.3947754,16.189024,-1.3109757,-38.841465
83,0.89990234,-0.4260254,0.42358398,47.286587,-9.481708,-46.280487
83,0.9941406,-0.36450195,0.4267578,55.823174,-12.164635,-48.90244
83,1.359375,-0.3161621,0.48754883,36.707317,-12.317074,-45.42683
83,1.4060059,-0.28125,0.5473633,-1.25,-11.829268,-35.182926
83,1.0546875,-0.25732422,0.48364258,-54.87805,-6.25,-6.9817076
83,0.80737305,-0.30541992,0.35791016,-64.63415,4.1768293,45.548782
83,1.0161133,-0.35302734,0.34301758,-6.4939027,-3.8414636,64.20732
83,0.96850586,-0.35083008,0.31762695,38.75,-5.7012196,82.164635
83,0.93652344,-0.33911133,0.29370117,88.90244,-3.4756098,97.0122
83,0.83813477,-0.22485352,0.31884766,109.085365,-0.36585367,100.09147
84,0.7270508,-0.111816406,0.28735352,88.62805,0.57926834,94.96951
84,0.6586914,-0.087890625,0.28295898,-5.5792685,12.042684,67.46951
84,0.7397461,-0.25390625,0.23901367,-28.567074,2.1036587,79.02439
84,0.8039551,-0.26708984,0.22875977,0.6707317,6.4939027,48.475613
84,0.9016113,-0.25585938,0.24584961,10.091464,14.29878,30.54878
84,1.0493164,-0.21191406,0.2705078,10.27439,24.84756,12.682927
84,1.151123,-0.1628418,0.30932617,-3.932927,31.920732,-8.018292
84,1.0893555,-0.17700195,0.3334961,-41.95122,26.554878,-29.359756
84,1.2219238,-0.23120117,0.3425293,-60.975613,25.792683,-44.664635
84,1.4797363,-0.3017578,0.35717773,-59.45122,20.335367,-66.676834
84,0.9448242,-0.39770508,0.47729492,-47.37805,-21.82927,-97.560974
84,0.6010742,-0.4189453,0.5476074,-22.560976,-31.554878,-85
84,0.5827637,-0.3569336,0.50927734,26.859756,-18.658537,-64.847565
84,0.78515625,-0.16308594,0.39013672,70.85366,-12.530488,-32.896343
84,0.8742676,0.003173828,0.31860352,53.384148,-0.57926834,-13.079268
84,0.82177734,0.057128906,0.3244629,17.012196,8.506098,-11.493903
84,0.64990234,-0.05908203,0.33740234,-50.396343,5.487805,-21.920732
84,0.673584,-0.23291016,0.34814453,-100.64024,17.408537,-34.298782
84,0.7390137,-0.38671875,0.3112793,-97.835365,28.506098,-27.957317
84,0.7854004,-0.4309082,0.34594727,-30.640245,19.634148,-32.92683
84,0.75219727,-0.37817383,0.38500977,5.365854,11.95122,-34.786587
84,0.7648926,-0.39111328,0.42993164,26.79878,2.042683,-36.55488
84,0.842041,-0.36523438,0.47558594,37.77439,-2.2560976,-47.34756
84,0.92749023,-0.3334961,0.46948242,20.15244,-2.5304878,-52.042683
84,1.1376953,-0.3474121,0.4453125,-4.5731707,4.6036587,-50.27439
84,1.4851074,-0.42773438,0.49389648,-24.786587,-5.6097565,-39.634148
84,1.048584,-0.40576172,0.46264648,-32.987804,-9.573171,-4.237805
84,0.6687012,-0.35229492,0.38989258,-20.091463,-6.097561,44.60366
84,0.9433594,-0.35620117,0.33203125,41.55488,-17.042683,80.39635
84,0.9885254,-0.37646484,0.32128906,85.21342,-17.408537,98.07927
85,1.0263672,-0.3251953,0.2939453,116.31098,-12.134147,111.0061
85,0.9633789,-0.18164063,0.33251953,133.17073,-5.9451222,131.37195
85,0.81030273,-0.08300781,0.2902832,117.37805,-7.164634,130.21342
85,0.68188477,-0.029785156,0.31518555,37.042683,7.560976,101.98171
85,0.69921875,-0.22192383,0.2548828,-41.432926,-4.9695125,112.07317
85,0.7355957,-0.28222656,0.23071289,-22.469513,-5.27439,72.98781
85,0.82373047,-0.2927246,0.24291992,-11.128049,3.2317073,52.317074
85,0.92700195,-0.28857422,0.23583984,10.426829,10.091464,24.512196
85,1.1174316,-0.22192383,0.30981445,17.195122,18.47561,1.8597561
85,1.1416016,-0.13696289,0.359375,3.445122,24.786587,-19.573172
85,1.1494141,-0.12084961,0.36572266,-45.57927,16.432928,-41.0061
85,1.3830566,-0.24609375,0.3864746,-66.189026,15.518293,-70.121956
85,1.1791992,-0.37963867,0.44140625,-57.5,-16.40244,-99.78659
85,0.69677734,-0.44873047,0.5703125,-15.365854,-38.44512,-103.56708
85,0.6269531,-0.3684082,0.51953125,29.969513,-26.585367,-82.439026
85,0.79663086,-0.24414063,0.4399414,65.70122,-19.085367,-61.25
85,0.91308594,-9.77E-04,0.32983398,53.109756,-9.695122,-32.378048
85,0.8757324,0.06933594,0.33325195,15.457317,-1.0060976,-27.286587
85,0.72680664,-0.016601563,0.3635254,-34.17683,-0.73170733,-32.042683
85,0.63964844,-0.21020508,0.34643555,-110.243904,12.195122,-40.335365
85,0.67626953,-0.33081055,0.30517578,-120.914635,30.365854,-29.695122
85,0.7651367,-0.3708496,0.30859375,-84.81708,27.134148,-29.359756
85,0.82788086,-0.38452148,0.3425293,-29.603659,18.75,-33.5061
85,0.7595215,-0.39916992,0.40966797,-0.945122,6.646342,-37.22561
85,0.76464844,-0.40942383,0.45507813,18.292683,-0.85365856,-45.670734
85,0.8725586,-0.39648438,0.46875,20.243902,-2.957317,-58.719513
85,1.1044922,-0.37939453,0.45776367,13.384147,-0.88414633,-60.57927
85,1.4799805,-0.41577148,0.49731445,4.4512196,-1.4634147,-59.48171
85,1.1833496,-0.41333008,0.48901367,-21.158537,-8.47561,-29.45122
85,0.7644043,-0.3388672,0.40454102,-30.213415,1.2804878,21.158537
86,0.83569336,-0.2788086,0.33203125,-2.042683,-3.445122,64.20732
86,0.9655762,-0.30297852,0.28735352,51.585365,-5.7317076,94.42073
86,0.98876953,-0.33544922,0.27416992,76.676834,-7.9268293,113.14024
86,1.0722656,-0.29516602,0.3083496,98.78049,-1.9817073,118.53659
86,0.88427734,-0.16674805,0.31469727,80.82317,0.91463417,126.82927
86,0.7138672,-0.1027832,0.2841797,37.19512,6.0670733,110.30488
86,0.68847656,-0.17944336,0.25634766,-12.103659,0.79268295,109.268295
86,0.77856445,-0.29370117,0.23291016,-3.445122,-4.664634,82.13415
86,0.83154297,-0.26513672,0.23242188,10.670732,1.25,64.39024
86,0.8461914,-0.25708008,0.24389648,16.82927,3.7195122,50.213417
86,0.97216797,-0.22216797,0.2932129,20.640244,11.189025,25.121952
86,1.078125,-0.19482422,0.3395996,15.487805,15.457317,1.6463416
86,1.0305176,-0.16625977,0.37353516,-6.128049,12.652439,-19.84756
86,1.2011719,-0.22363281,0.3774414,-35.884148,13.292684,-51.40244
86,1.2897949,-0.30541992,0.39819336,-38.628048,-1.097561,-82.926834
86,0.9916992,-0.39648438,0.4819336,-30.97561,-25.213415,-109.20732
86,0.67333984,-0.35742188,0.5061035,-8.75,-29.84756,-104.847565
86,0.6933594,-0.31445313,0.46142578,17.835367,-19.268293,-84.05488
86,0.8066406,-0.22680664,0.40356445,40.030487,-17.439024,-60.365856
86,0.89160156,-0.076660156,0.32666016,33.536587,-3.9634147,-23.719513
86,0.8527832,-0.023925781,0.328125,14.908537,0.24390244,-15.396342
86,0.7128906,-0.06958008,0.35131836,-27.22561,0.30487806,-14.908537
86,0.6887207,-0.23754883,0.33203125,-92.80488,14.329268,-20.97561
86,0.74487305,-0.35766602,0.3305664,-98.04878,23.170732,-18.658537
86,0.7988281,-0.4050293,0.36547852,-76.73781,21.310976,-20.670732
86,0.7495117,-0.39501953,0.38134766,-43.323174,15.243903,-22.34756
86,0.7314453,-0.40063477,0.40820313,-8.231708,2.2560976,-27.713415
86,0.7729492,-0.39111328,0.45703125,6.432927,0.42682928,-35.73171
86,0.89453125,-0.3840332,0.46362305,7.530488,-2.9268293,-47.560978
86,1.1901855,-0.40429688,0.45654297,5.152439,-0.06097561,-56.219513
86,1.5646973,-0.45239258,0.5107422,-0.24390244,-0.6097561,-58.262196
86,1.1005859,-0.37695313,0.47216797,-18.536587,-9.481708,-31.95122
87,0.6750488,-0.34887695,0.3864746,-29.054878,2.042683,11.829268
87,0.8171387,-0.33740234,0.3371582,10.182927,-5.670732,44.634148
87,0.9104004,-0.30688477,0.28808594,63.689026,-6.646342,74.39024
87,0.9499512,-0.31298828,0.22265625,85.45732,-7.896342,91.768295
87,0.9890137,-0.23925781,0.26416016,107.07317,-0.9756098,99.176834
87,0.8405762,-0.11376953,0.28930664,94.11585,-1.1280488,99.29878
87,0.7480469,-0.11376953,0.2861328,38.109756,1.890244,98.689026
87,0.73657227,-0.16113281,0.2705078,-30.213415,11.036586,77.164635
87,0.79248047,-0.29516602,0.19726563,-28.445122,-3.75,73.65854
87,0.79467773,-0.27856445,0.21606445,-11.79878,1.6158537,50.03049
87,0.8640137,-0.30249023,0.23364258,5.304878,1.8597561,41.98171
87,0.9890137,-0.23706055,0.29296875,26.280489,11.829268,20.457317
87,1.0610352,-0.17602539,0.33374023,17.896341,15.518293,4.1463413
87,0.94873047,-0.13208008,0.37475586,-12.195122,12.317074,-12.530488
87,1.2565918,-0.23876953,0.39990234,-41.0061,14.054878,-35.762196
87,1.3083496,-0.3190918,0.43969727,-36.341465,4.4512196,-63.5061
87,0.97021484,-0.37939453,0.51831055,-26.768293,-27.835367,-85.45732
87,0.6516113,-0.37353516,0.55126953,3.780488,-29.207317,-76.768295
87,0.70166016,-0.30615234,0.49804688,34.237804,-19.969513,-55.121952
87,0.8557129,-0.16723633,0.40942383,47.92683,-10.54878,-32.19512
87,0.98950195,0.004882813,0.32373047,26.67683,2.5914636,-9.512196
87,0.90283203,0.006103516,0.3371582,-4.878049,6.4634147,-10.97561
87,0.7324219,-0.087402344,0.34692383,-55.091465,3.6585367,-17.042683
87,0.64697266,-0.2878418,0.30517578,-109.176834,20.640244,-16.82927
87,0.6657715,-0.3684082,0.30151367,-94.939026,23.658537,-9.939025
87,0.75512695,-0.3557129,0.2998047,-61.28049,16.371952,-17.134148
87,0.74194336,-0.34350586,0.32495117,-26.40244,7.7134147,-24.786587
87,0.7097168,-0.328125,0.3774414,-12.987805,-1.3109757,-29.817074
87,0.76464844,-0.36938477,0.39746094,-3.5670733,-4.908537,-35.030487
87,0.88061523,-0.3540039,0.44604492,14.512196,-3.8719513,-38.323174
88,0.9243164,-0.29248047,0.43969727,5.9451222,0.18292683,-36.920734
88,1.0986328,-0.26733398,0.45141602,-14.573171,2.7439024,-36.25
88,1.4284668,-0.28515625,0.5168457,-40.640244,11.036586,-36.95122
88,1.213623,-0.26342773,0.47924805,-81.73781,12.073171,-18.567074
88,0.9020996,-0.26367188,0.41992188,-105.426834,15.914635,0.7621951
88,0.78393555,-0.27905273,0.38842773,-83.53659,15.152439,30.487806
88,0.9499512,-0.27807617,0.36816406,-44.817074,19.87805,40.518295
88,1.045166,-0.2109375,0.34692383,-17.286585,23.04878,51.067074
88,1.1035156,-0.057128906,0.3930664,-16.036585,31.09756,54.17683
88,0.9160156,-0.067871094,0.41430664,-32.2561,17.957317,59.17683
88,0.8129883,-0.052001953,0.36572266,-26.189026,17.804878,70.7622
88,0.8366699,-0.11279297,0.33154297,9.02439,15.152439,54.115856
88,0.8952637,-0.018798828,0.2956543,-7.22561,25.335367,29.268293
88,0.842041,-0.045654297,0.27246094,-57.987804,41.40244,5.335366
88,0.90112305,-0.10571289,0.24365234,-94.664635,47.65244,-18.170732
88,0.90063477,-0.18432617,0.20336914,-92.835365,59.786587,-33.59756
88,0.9033203,-0.21166992,0.16967773,-98.96342,71.85976,-47.92683
88,0.9226074,-0.23852539,0.14404297,-108.81098,85.7622,-67.0122
88,1.046875,-0.26245117,0.15209961,-118.32317,93.993904,-83.07927
88,1.1877441,-0.29663086,0.14428711,-131.67683,99.5122,-103.993904
88,1.2382813,-0.36157227,0.15332031,-149.11586,86.951225,-130.33537
88,1.3181152,-0.4165039,0.18432617,-155.12195,79.085365,-151.89024
88,1.1269531,-0.4387207,0.23876953,-155.60976,57.34756,-163.47562
88,0.8898926,-0.48339844,0.33642578,-129.7561,40.57927,-159.2683
88,0.8144531,-0.48413086,0.37524414,-77.28659,30,-140.64024
88,0.82055664,-0.43432617,0.3515625,-20.762196,22.134148,-118.871956
88,0.79663086,-0.27783203,0.27807617,13.231708,14.4207325,-84.14635
88,0.8630371,-0.13867188,0.2927246,-4.4817076,9.207317,-65.243904
88,0.9121094,-0.08178711,0.3479004,-63.048782,12.164635,-54.969513
88,0.94628906,-0.19970703,0.3684082,-139.72562,19.664635,-46.615856
89,0.9008789,-0.3334961,0.3671875,-152.53049,20.762196,-40.487804
89,0.8510742,-0.40307617,0.37890625,-136.7683,19.939024,-35.73171
89,0.80126953,-0.39160156,0.39624023,-102.53049,21.036587,-31.524391
89,0.82714844,-0.30493164,0.4140625,-82.98781,21.615854,-30.670732
89,0.8532715,-0.23730469,0.4111328,-77.04269,22.22561,-30.396341
89,0.8327637,-0.16967773,0.42456055,-79.5122,18.262196,-19.695122
89,0.8293457,-0.18798828,0.4152832,-99.90854,13.75,-23.59756
89,0.8112793,-0.2512207,0.39697266,-133.44513,18.841463,-50.487804
89,0.7558594,-0.36157227,0.34545898,-131.06708,30.609756,-63.59756
89,0.74243164,-0.4321289,0.3503418,-70.243904,23.719513,-65.060974
89,0.71777344,-0.3815918,0.39038086,-38.841465,5.396342,-79.176834
89,0.7548828,-0.390625,0.46533203,-25.54878,1.0060976,-85.18293
89,0.7878418,-0.3630371,0.5048828,-19.481709,-8.04878,-91.15854
89,0.7895508,-0.35351563,0.5390625,-33.65854,-11.52439,-87.68293
89,0.77612305,-0.36743164,0.5661621,-42.987804,-12.804878,-71.15854
89,0.7861328,-0.37280273,0.57666016,-39.32927,-11.646341,-52.865856
89,0.94506836,-0.4050293,0.5673828,-37.530487,-6.25,-33.567074
89,1.1337891,-0.35961914,0.5644531,-38.048782,1.7073171,-2.195122
89,0.93188477,-0.2631836,0.5324707,-50.182926,1.0060976,26.432928
89,0.78637695,-0.25708008,0.49389648,-59.817074,5.97561,53.262196
89,0.93530273,-0.31811523,0.4194336,-50.091465,10.97561,75.30488
89,0.9641113,-0.36450195,0.37158203,-28.963415,3.5975611,80.79269
89,0.96728516,-0.39282227,0.34375,-0.70121956,-0.5487805,79.54269
89,0.8461914,-0.30786133,0.3564453,36.95122,-3.9939024,82.40854
89,0.7492676,-0.22045898,0.33569336,30.15244,-0.85365856,76.006096
89,0.7570801,-0.21826172,0.2939453,8.231708,-0.21341464,67.80488
89,0.83251953,-0.28466797,0.27954102,-0.42682928,-3.0487804,42.77439
89,0.8288574,-0.265625,0.26513672,-2.5609756,-0.70121956,27.195122
89,0.814209,-0.24389648,0.26635742,-11.920732,-1.7987806,13.993903
89,0.8269043,-0.2626953,0.30493164,-14.115854,-8.323171,-1.4939024
89,0.8623047,-0.28198242,0.34350586,-8.292683,-11.52439,-11.402439
90,0.8967285,-0.2758789,0.36816406,-5.0914636,-12.073171,-20.792683
90,1.026123,-0.2919922,0.44970703,1.4939024,-12.591464,-33.262196
90,1.1638184,-0.25341797,0.5085449,12.865854,-7.0731707,-43.536587
90,1.1530762,-0.15112305,0.5234375,4.237805,-2.652439,-54.115856
90,1.4013672,-0.15112305,0.46777344,-40.823174,5.335366,-78.07927
90,1.2424316,-0.32910156,0.54125977,-57.92683,-11.646341,-97.22561
90,0.9121094,-0.3947754,0.5732422,-45.030487,-13.1707325,-98.5061
90,0.68310547,-0.30126953,0.47729492,-29.695122,6.8292685,-69.72561
90,0.7397461,-0.22070313,0.40625,-20.884148,9.695122,-46.432926
90,0.78759766,-0.10180664,0.32373047,-17.042683,16.585365,-18.445122
90,0.8535156,-0.03491211,0.2722168,-15.70122,22.560976,6.3414636
90,0.7792969,-0.025390625,0.2783203,-40.060978,22.286587,11.585366
90,0.626709,-0.07324219,0.26391602,-91.79878,22.134148,6.768293
90,0.62768555,-0.26293945,0.2475586,-124.57317,31.371952,6.9817076
90,0.701416,-0.31152344,0.27783203,-94.48171,29.32927,2.652439
90,0.7429199,-0.33032227,0.30517578,-51.0061,20.914635,-3.780488
90,0.7421875,-0.33813477,0.35913086,-2.012195,9.512196,-14.72561
90,0.78466797,-0.37426758,0.42285156,30.609756,-1.7987806,-23.719513
90,0.7844238,-0.36621094,0.48046875,51.95122,-8.75,-32.22561
90,0.923584,-0.31347656,0.5151367,41.40244,-11.006098,-43.140244
90,1.1289063,-0.2722168,0.5319824,13.902439,-8.231708,-48.59756
90,1.3764648,-0.29907227,0.55078125,-17.256098,-8.902439,-48.871952
90,1.1347656,-0.33862305,0.5461426,-42.042683,-11.8902445,-29.756098
90,0.70825195,-0.34277344,0.45922852,-44.664635,-6.4939027,6.8292685
90,0.76953125,-0.34936523,0.37402344,-15.579268,-1.7682927,36.67683
90,0.92211914,-0.3347168,0.3071289,42.713417,-7.8353662,67.86585
90,0.8977051,-0.34716797,0.2685547,81.95122,-11.707317,80.64024
90,0.95751953,-0.26245117,0.30297852,110.67073,-7.3475614,84.23781
90,0.8691406,-0.1472168,0.32055664,87.53049,-6.920732,93.17073
90,0.7416992,-0.111572266,0.28735352,39.90854,-1.0670732,91.585365
90,0.7211914,-0.16748047,0.2548828,-10.335366,-0.18292683,85.67073
91,0.79711914,-0.27978516,0.23120117,-7.1951222,-5.2134147,69.085365
91,0.87402344,-0.265625,0.25097656,1.3414634,4.9695125,50.609756
91,0.9223633,-0.22973633,0.25073242,-2.0731707,12.073171,38.109756
91,1.0227051,-0.1772461,0.3178711,-7.5914636,14.237805,14.939025
91,1.1074219,-0.14257813,0.3503418,-12.804878,19.695122,-4.9390244
91,1.0615234,-0.1496582,0.37646484,-29.969513,14.02439,-20.335367
91,1.371582,-0.22607422,0.37182617,-39.878048,12.77439,-50.884148
91,1.215332,-0.32861328,0.4489746,-31.82927,-16.463415,-76.40244
91,0.8652344,-0.4038086,0.5661621,-5.9451222,-42.042683,-86.89024
91,0.6569824,-0.31689453,0.5439453,30.487806,-25.121952,-70.79269
91,0.814209,-0.19140625,0.4519043,43.20122,-20.396341,-45.243904
91,0.8835449,-0.041503906,0.37402344,36.585365,-13.628049,-23.109756
91,0.85375977,0.1340332,0.34375,0.7621951,0.70121956,-13.689025
91,0.69921875,0.057861328,0.3557129,-40.70122,2.042683,-16.737804
91,0.62060547,-0.09741211,0.37036133,-83.96342,9.573171,-24.908537
91,0.64697266,-0.34423828,0.36450195,-99.96951,31.79878,-27.713415
91,0.74365234,-0.39746094,0.3930664,-64.96951,31.768293,-24.146341
91,0.8378906,-0.34179688,0.4033203,-31.82927,28.07927,-33.048782
91,0.77612305,-0.35791016,0.39916992,4.6951222,15.304878,-38.719513
91,0.8149414,-0.36083984,0.41259766,22.713415,4.664634,-47.835365
91,0.8625488,-0.36108398,0.42358398,26.036587,3.445122,-52.012196
91,1.097168,-0.35253906,0.40478516,17.957317,1.0060976,-55.457317
91,1.4892578,-0.35327148,0.42749023,2.042683,-0.5487805,-57.92683
91,1.2927246,-0.33325195,0.45996094,-24.542683,-10.762196,-41.98171
91,0.6826172,-0.35107422,0.39624023,-38.109756,-5.487805,10.823171
91,0.79663086,-0.36035156,0.3400879,-7.378049,-5.27439,50.03049
91,0.96850586,-0.32128906,0.31420898,36.768295,-9.542684,73.47561
91,0.9641113,-0.3215332,0.27514648,75.21342,-11.25,98.53659
91,1.0549316,-0.23583984,0.3076172,98.597565,-6.52439,113.75
91,0.9152832,-0.13598633,0.33251953,92.95732,-7.9573174,121.676834
92,0.6982422,-0.08642578,0.32104492,29.146341,0.42682928,103.10976
92,0.7092285,-0.19995117,0.2944336,-24.237806,-1.5853659,108.2622
92,0.76953125,-0.29492188,0.26757813,-6.4939027,-7.804878,90.79269
92,0.86328125,-0.2590332,0.26757813,9.45122,4.2987804,64.268295
92,0.9206543,-0.25830078,0.28442383,14.512196,10.97561,46.463417
92,1.0080566,-0.19897461,0.30493164,10.792684,19.146341,25.365854
92,1.0371094,-0.12695313,0.32543945,-13.658537,26.189026,-2.5304878
92,1.0515137,-0.14672852,0.33911133,-36.890244,21.920732,-22.37805
92,1.28125,-0.23120117,0.34228516,-50.70122,24.603659,-51.432926
92,1.0708008,-0.37036133,0.41503906,-41.52439,-12.439025,-97.53049
92,0.79248047,-0.45385742,0.5378418,-17.896341,-32.286587,-111.85976
92,0.6911621,-0.41455078,0.5378418,16.25,-26.341465,-99.451225
92,0.9189453,-0.24853516,0.4086914,62.957317,-14.969513,-70.15244
92,0.9880371,-0.10058594,0.36328125,73.04878,-13.628049,-43.59756
92,0.89990234,0.028564453,0.36767578,41.493904,-5.335366,-21.280489
92,0.65844727,0.030517578,0.4140625,-34.90854,-0.6707317,-17.317074
92,0.60424805,-0.15039063,0.390625,-96.28049,6.25,-24.664635
92,0.62353516,-0.29125977,0.33203125,-120.67074,25.060976,-23.719513
92,0.7463379,-0.39794922,0.33935547,-73.65854,24.115854,-20.97561
92,0.7800293,-0.43017578,0.37939453,-21.615854,18.810976,-24.695122
92,0.72021484,-0.3942871,0.40576172,15.579268,11.920732,-30.243904
92,0.7470703,-0.35424805,0.43408203,32.469513,0.9756098,-39.420734
92,0.84399414,-0.34399414,0.46142578,25.640245,-0.21341464,-50.15244
92,1.003418,-0.33789063,0.44580078,10.609756,-0.88414633,-56.98171
92,1.5244141,-0.4013672,0.46557617,-7.4390244,4.6341467,-52.865856
92,1.2990723,-0.35058594,0.4753418,-20.823172,-7.7134147,-35.365856
92,0.8222656,-0.3305664,0.41796875,-36.189026,-5.4573174,6.3719516
92,0.88916016,-0.32080078,0.33666992,-2.682927,-6.52439,55.27439
92,1.0002441,-0.30517578,0.31933594,40.97561,-11.25,75.121956
92,0.95166016,-0.30639648,0.2697754,65.30488,-15.70122,98.90244
92,1.0151367,-0.24780273,0.31469727,108.38415,-13.963415,127.04269
93,0.8798828,-0.14282227,0.3034668,113.53659,-13.597561,130.15244
93,0.7219238,-0.044677734,0.31591797,65.7622,-8.292683,107.347565
93,0.6767578,-0.18286133,0.26391602,-26.585367,-12.682927,117.164635
93,0.68481445,-0.26220703,0.20874023,-19.29878,-17.22561,85.060974
93,0.7224121,-0.27807617,0.2121582,-6.7073174,-15.152439,58.140244
93,0.86621094,-0.3461914,0.23291016,22.439026,-7.3170733,28.353659
93,0.98999023,-0.25317383,0.2783203,39.298782,2.195122,6.768293
93,1.0961914,-0.17358398,0.3330078,31.981709,10.152439,-15.518293
93,1.1264648,-0.12890625,0.3720703,-5.396342,9.420732,-43.75
93,1.3500977,-0.15405273,0.37231445,-38.932926,13.597561,-65.82317
93,1.3686523,-0.2824707,0.4206543,-56.768295,-2.012195,-89.847565
93,0.9145508,-0.38793945,0.5830078,-40.396343,-32.2561,-103.71951
93,0.73339844,-0.33447266,0.5617676,-16.95122,-15.823171,-87.5
93,0.8286133,-0.23168945,0.44726563,0.9756098,-0.33536586,-61.28049
93,0.8977051,-0.056884766,0.33496094,4.4512196,5.7012196,-34.84756
93,0.8930664,0.033691406,0.29370117,-6.006098,11.585366,-24.908537
93,0.7739258,-0.017822266,0.31640625,-28.932928,11.829268,-23.993902
93,0.6333008,-0.1899414,0.35717773,-89.7561,11.920732,-32.65244
93,0.60961914,-0.3449707,0.32592773,-129.39024,31.524391,-29.908537
93,0.6608887,-0.3930664,0.2685547,-97.835365,34.542683,-23.109756
93,0.7363281,-0.4008789,0.28759766,-8.75,30.182928,-29.939026
93,0.72875977,-0.40673828,0.36376953,20.945122,13.810976,-33.44512
93,0.7233887,-0.39208984,0.40698242,29.908537,3.902439,-41.432926
93,0.83569336,-0.36035156,0.44726563,16.432928,1.5853659,-53.44512
93,0.98779297,-0.38964844,0.43164063,-5.335366,0.73170733,-60.823174
93,1.4335938,-0.48291016,0.41845703,-9.512196,7.042683,-54.298782
93,1.3818359,-0.43066406,0.46899414,-3.0487804,-10.27439,-28.658537
93,0.80615234,-0.34765625,0.42407227,-12.378049,-7.4390244,18.170732
93,0.7451172,-0.26733398,0.35351563,0.42682928,-4.8170733,64.35976
93,1.0568848,-0.3239746,0.31079102,57.012196,-13.109756,89.87805
93,1.0234375,-0.3400879,0.30004883,92.0122,-13.902439,106.371956
94,1.0522461,-0.30322266,0.30493164,117.40854,-7.896342,123.35366
94,0.8527832,-0.14624023,0.28710938,118.5061,-8.719512,124.69512
94,0.6611328,-0.018798828,0.3322754,62.53049,-0.73170733,99.02439
94,0.6398926,-0.10229492,0.3154297,-36.463417,6.0670733,108.81098
94,0.74316406,-0.29418945,0.22241211,-24.207317,-8.75,81.21951
94,0.7885742,-0.27929688,0.22729492,0.51829267,-0.91463417,58.75
94,0.875,-0.28222656,0.22631836,16.493902,5.4573174,41.493904
94,1.0256348,-0.1875,0.28173828,26.920732,18.292683,6.615854
94,1.0834961,-0.107666016,0.31420898,4.7865853,23.841463,-20.091463
94,1.0524902,-0.09692383,0.33813477,-35.091465,18.567074,-43.07927
94,1.5002441,-0.20751953,0.31567383,-63.59756,19.817074,-83.597565
94,1.2050781,-0.34643555,0.3840332,-62.012196,-14.695123,-116.21951
94,0.8664551,-0.43823242,0.51293945,-41.371952,-39.420734,-121.15854
94,0.76123047,-0.35327148,0.5061035,21.82927,-20.304878,-90.914635
94,0.8918457,-0.26953125,0.43481445,60.914635,-22.164635,-60.091465
94,0.8791504,-0.07910156,0.3527832,65.36585,-18.323172,-29.390245
94,0.8232422,0.1171875,0.3330078,25.884148,-1.2804878,-9.176829
94,0.6616211,0.064941406,0.37280273,-21.463415,-2.4695122,-12.012196
94,0.59277344,-0.088378906,0.3786621,-84.39024,6.8292685,-23.567074
94,0.6953125,-0.3137207,0.32641602,-131.64635,32.92683,-26.158537
94,0.7780762,-0.4543457,0.34570313,-90.97561,32.469513,-23.536587
94,0.8088379,-0.44750977,0.37695313,-44.939026,27.22561,-35.30488
94,0.70410156,-0.41748047,0.39453125,1.7682927,12.77439,-36.219513
94,0.80810547,-0.40942383,0.41625977,24.542683,6.9512196,-44.17683
94,0.9099121,-0.3786621,0.44750977,29.17683,3.75,-50.670734
94,1.2641602,-0.36157227,0.43139648,4.390244,4.5731707,-54.817074
94,1.5427246,-0.4050293,0.4597168,-14.603659,4.542683,-47.073174
94,1.1320801,-0.3791504,0.45581055,-26.859756,-7.012195,-22.560976
94,0.75927734,-0.3701172,0.34960938,-19.908537,-0.24390244,39.72561
94,0.9980469,-0.3383789,0.30444336,26.707317,-8.810976,66.28049
94,0.9995117,-0.3317871,0.30004883,69.20732,-12.865854,85.64024
95,1.0251465,-0.26586914,0.2902832,95.27439,-8.231708,113.414635
95,0.94873047,-0.19702148,0.2944336,99.05488,-6.0670733,131.0061
95,0.76538086,-0.111572266,0.3088379,89.54269,-10,130.5183
95,0.66015625,-0.13305664,0.3083496,-3.7195122,4.390244,117.28659
95,0.7404785,-0.28515625,0.2541504,-20.54878,-2.2865853,111.34147
95,0.7746582,-0.26757813,0.23925781,-2.2256098,0.36585367,79.176834
95,0.8112793,-0.27124023,0.25219727,17.804878,4.6036587,56.371952
95,0.8811035,-0.2397461,0.29418945,32.835365,9.847561,34.48171
95,1.0517578,-0.19726563,0.32983398,30.518293,17.591463,11.158537
95,1.0356445,-0.15283203,0.37182617,-2.1036587,17.042683,-23.109756
95,1.1069336,-0.17602539,0.37524414,-31.920732,16.768293,-44.115856
95,1.3146973,-0.21240234,0.3552246,-47.560978,22.774391,-71.676834
95,1.0168457,-0.29663086,0.4086914,-54.542683,-9.878049,-104.451225
95,0.79711914,-0.35546875,0.46826172,-46.890244,-20.060976,-103.81098
95,0.8208008,-0.3317871,0.45996094,-21.737806,-13.75,-93.597565
95,0.8730469,-0.27856445,0.43237305,19.085367,-20.823172,-67.53049
95,0.87475586,-0.19506836,0.35913086,32.012196,-16.768293,-49.32927
95,0.8376465,-0.12109375,0.3232422,33.07927,-8.445122,-32.865856
95,0.65893555,-0.1015625,0.3696289,4.756098,-9.02439,-27.591465
95,0.61376953,-0.18798828,0.40429688,-41.646343,-0.85365856,-33.292683
95,0.65356445,-0.27539063,0.35888672,-80.64024,14.756098,-38.932926
95,0.74194336,-0.36157227,0.34887695,-54.817074,12.865854,-36.128048
95,0.7602539,-0.40844727,0.36987305,-20.945122,10.54878,-38.536587
95,0.7727051,-0.39624023,0.39331055,5.2134147,4.1463413,-38.170734
95,0.8886719,-0.4033203,0.4560547,22.92683,-2.1646342,-47.682926
95,1.0107422,-0.39086914,0.47827148,21.890244,-4.115854,-52.2561
95,1.3173828,-0.4020996,0.47875977,8.109756,0.6707317,-50.060978
95,1.4387207,-0.3894043,0.51953125,-13.841464,-3.5060976,-34.298782
95,0.9206543,-0.33325195,0.44458008,-33.567074,-1.4329269,3.9634147
95,0.74975586,-0.29711914,0.37280273,-22.22561,3.2926831,55.487804
96,1.0168457,-0.3239746,0.33032227,40.182926,-6.615854,93.29269
96,0.9421387,-0.33544922,0.29296875,75.27439,-8.810976,111.951225
96,1.0002441,-0.28076172,0.31103516,108.5061,-4.4817076,127.04269
96,0.9016113,-0.1459961,0.27734375,130.91464,-2.3170733,140.42683
96,0.7241211,-0.051513672,0.30493164,80.97561,-0.57926834,118.81098
96,0.67333984,-0.043945313,0.29907227,-29.32927,10.335366,108.871956
96,0.6906738,-0.3400879,0.19555664,-31.585367,-12.804878,101.25
96,0.7944336,-0.30249023,0.22363281,-0.6402439,-5.5792685,67.65244
96,0.8474121,-0.32666016,0.22949219,22.835367,-0.36585367,51.12805
96,0.96850586,-0.23535156,0.25097656,43.719513,9.908537,22.65244
96,1.064209,-0.1430664,0.3059082,29.085367,19.634148,-4.72561
96,1.0454102,-0.087402344,0.3618164,-9.512196,15.792684,-29.237806
96,1.3808594,-0.17675781,0.35327148,-65.97561,17.134148,-64.11585
96,1.3774414,-0.2956543,0.3935547,-78.07927,-3.5365853,-103.201225
96,1.0061035,-0.40820313,0.50512695,-63.414635,-37.621952,-125.67074
96,0.7529297,-0.42456055,0.5473633,-3.75,-29.603659,-109.11586
96,0.8581543,-0.28149414,0.46826172,48.262196,-21.341463,-78.23171
96,0.8745117,-0.047851563,0.3671875,68.71951,-18.993902,-46.798782
96,0.86987305,0.16479492,0.3088379,28.993902,-4.9695125,-30.42683
96,0.7770996,0.103027344,0.3305664,-17.012196,0.88414633,-32.34756
96,0.6594238,-0.03100586,0.36523438,-77.347565,1.9512196,-41.493904
96,0.657959,-0.2956543,0.2836914,-135.67073,30.609756,-44.32927
96,0.763916,-0.3798828,0.26538086,-112.04269,36.52439,-38.65854
96,0.8327637,-0.375,0.27246094,-66.676834,32.621952,-49.512196
96,0.8347168,-0.4033203,0.34106445,-10.152439,20.213415,-54.268295
96,0.798584,-0.41210938,0.39013672,8.262196,9.268293,-55.396343
96,0.84936523,-0.42382813,0.44018555,27.713415,1.7682927,-59.90854
96,0.9902344,-0.3696289,0.45117188,23.62805,-2.0731707,-61.768295
96,1.3115234,-0.39160156,0.44677734,1.4024391,5.396342,-53.719513
96,1.5026855,-0.4260254,0.51220703,-13.719513,-5.030488,-41.189026
96,0.85375977,-0.37426758,0.45336914,-28.170732,-2.7439024,14.634147
97,0.72753906,-0.3334961,0.3581543,-12.957317,-1.5243902,60.57927
97,1.0068359,-0.33813477,0.31689453,31.67683,-9.634147,85.27439
97,0.9543457,-0.33203125,0.28564453,76.189026,-8.902439,111.40244
97,1.0385742,-0.29858398,0.31054688,106.951225,-2.5914636,123.71951
97,0.9650879,-0.15698242,0.35205078,125.518295,-1.7987806,149.84756
97,0.79003906,-0.06591797,0.28320313,80.7622,4.6036587,141.5244
97,0.77368164,-0.021240234,0.2878418,-30.030489,17.5,113.93293
97,0.76049805,-0.28149414,0.23901367,-60.27439,-9.146341,125.57927
97,0.7504883,-0.30566406,0.24267578,-16.40244,-8.810976,74.48171
97,0.8178711,-0.3515625,0.25195313,9.329268,-6.768293,56.25
97,0.9555664,-0.3251953,0.27539063,47.65244,1.0060976,31.768293
97,1.0600586,-0.12036133,0.31933594,59.69512,16.95122,-4.9695125
97,1.0473633,-0.042236328,0.36157227,19.573172,15.182927,-30.243904
97,1.2651367,-0.07348633,0.36791992,-29.87805,18.871952,-56.09756
97,1.2949219,-0.18530273,0.36865234,-72.347565,3.932927,-94.32927
97,0.9916992,-0.3166504,0.45874023,-79.05488,-28.689026,-109.32927
97,0.8112793,-0.4248047,0.548584,-45.73171,-29.695122,-103.84147
97,0.7915039,-0.32495117,0.4819336,41.067074,-25.640245,-69.90854
97,0.79833984,-0.1496582,0.3605957,81.61585,-28.353659,-40.94512
97,0.80908203,0.032226563,0.29345703,76.371956,-18.07927,-21.890244
97,0.7722168,0.12695313,0.33569336,16.006098,-4.2073174,-26.006098
97,0.6882324,-0.016601563,0.3330078,-53.20122,-0.945122,-38.23171
97,0.6972656,-0.24707031,0.3474121,-104.23781,9.3902445,-51.615856
97,0.7277832,-0.3935547,0.3239746,-91.768295,22.835367,-44.05488
97,0.8391113,-0.42919922,0.37841797,-47.5,16.09756,-47.80488
97,0.78808594,-0.38452148,0.4152832,-19.146341,11.646341,-46.52439
97,0.84155273,-0.39160156,0.42822266,-6.402439,4.878049,-38.932926
97,0.88671875,-0.35302734,0.46704102,9.695122,6.768293,-39.146343
97,0.94750977,-0.2932129,0.45922852,0.85365856,10.335366,-31.920732
97,1.4331055,-0.3161621,0.4807129,-30.182928,11.493903,-32.743904
97,1.3710938,-0.36816406,0.5349121,-62.65244,5.5487804,-18.871952
98,0.8491211,-0.34570313,0.43969727,-79.35976,4.6036587,9.878049
98,0.951416,-0.39697266,0.32543945,-32.286587,0.8231708,50.213417
98,1.0681152,-0.39038086,0.32373047,36.67683,-6.402439,60.30488
98,0.89575195,-0.3466797,0.2849121,75.09147,-12.560976,74.90854
98,0.8791504,-0.26245117,0.28466797,111.15854,-13.414635,91.43293
98,0.76416016,-0.21069336,0.27685547,145.18294,-21.585367,101.03659
98,0.69018555,-0.072753906,0.29516602,110.06098,-14.176829,85
98,0.6467285,-0.05126953,0.25463867,-18.20122,6.4939027,72.37805
98,0.6850586,-0.26123047,0.21875,-39.939026,-7.4390244,84.69512
98,0.7819824,-0.2854004,0.23364258,9.664635,-5.396342,46.707317
98,0.93408203,-0.2854004,0.2644043,24.908537,9.634147,29.207317
98,1.1157227,-0.21899414,0.30200195,23.536587,20.518293,10
98,1.1743164,-0.10253906,0.32128906,5.0609756,28.323172,-10.54878
98,1.1018066,-0.04272461,0.33007813,-58.5061,20.182928,-29.29878
98,1.4641113,-0.13793945,0.3425293,-84.939026,20.670732,-48.65854
98,1.3071289,-0.23486328,0.3786621,-85.335365,-3.2317073,-74.268295
98,0.8051758,-0.38671875,0.48095703,-55.94512,-31.036587,-79.72561
98,0.7475586,-0.33203125,0.46606445,4.9390244,-20.243902,-67.65244
98,0.88623047,-0.21508789,0.42211914,57.68293,-22.134148,-52.37805
98,0.8601074,0.0234375,0.34448242,62.469513,-21.95122,-20.670732
98,0.8256836,0.08325195,0.33496094,34.02439,-13.719513,-19.969513
98,0.7458496,-0.002441406,0.38305664,-1.6768293,-10.365854,-25.70122
98,0.625,-0.14086914,0.39697266,-75.88415,0.70121956,-38.871952
98,0.6652832,-0.24975586,0.3305664,-120.335365,27.530489,-37.164635
98,0.7145996,-0.34179688,0.30688477,-85.85366,29.17683,-41.0061
98,0.8276367,-0.40966797,0.3256836,-16.707317,20.914635,-41.737804
98,0.8095703,-0.39526367,0.41015625,26.585367,17.713415,-35.82317
98,0.8527832,-0.3647461,0.4477539,34.512196,7.682927,-35.70122
98,0.95166016,-0.36645508,0.46801758,32.80488,2.5304878,-41.09756
98,1.0681152,-0.32104492,0.49291992,15.945123,3.9939024,-39.90854
99,1.3613281,-0.35668945,0.49829102,-17.34756,5.4268293,-38.59756
99,1.1616211,-0.41357422,0.4831543,-45.15244,-0.73170733,-16.40244
99,0.7727051,-0.39282227,0.38720703,-37.560978,4.420732,21.463415
99,0.9238281,-0.37060547,0.32055664,6.158537,4.420732,61.58537
99,1.0461426,-0.30517578,0.29956055,68.44512,-2.682927,87.835365
99,1.0388184,-0.30541992,0.27294922,91.28049,-0.7621951,107.59147
99,1.0085449,-0.21679688,0.28393555,102.53049,0.5487805,120.79269
99,0.8010254,-0.10571289,0.29956055,76.676834,0.70121956,130
99,0.6862793,-0.1303711,0.27856445,28.963415,3.4756098,127.5
99,0.6723633,-0.20263672,0.24438477,9.329268,-5.4268293,121.64635
99,0.7404785,-0.2775879,0.22949219,13.20122,-6.768293,93.07927
99,0.8269043,-0.29052734,0.24438477,24.756098,-3.0182927,70.45732
99,0.8955078,-0.2397461,0.26220703,35.70122,4.085366,44.817074
99,1.0678711,-0.14355469,0.31298828,26.615854,17.835367,9.420732
99,1.1403809,-0.09008789,0.33935547,1.1585367,24.87805,-16.493902
99,1.076416,-0.0769043,0.37719727,-37.77439,20.060976,-37.19512
99,1.3696289,-0.19677734,0.34301758,-71.82927,21.585367,-71.52439
99,1.1665039,-0.29296875,0.38842773,-72.164635,-5.8536587,-103.71951
99,0.8520508,-0.40649414,0.51538086,-54.237804,-34.32927,-112.439026
99,0.74487305,-0.35913086,0.51123047,4.9695125,-18.506098,-98.93293
99,0.8383789,-0.2824707,0.4584961,47.042683,-21.707317,-75.18293
99,0.8972168,-0.15063477,0.3857422,63.23171,-25.884148,-53.20122
99,0.8581543,-0.009765625,0.33398438,44.32927,-13.993903,-31.79878
99,0.7253418,-0.038330078,0.36254883,16.82927,-14.756098,-31.493904
99,0.6274414,-0.15185547,0.4020996,-24.786587,-11.646341,-38.07927
99,0.6669922,-0.29003906,0.35620117,-72.86585,14.695123,-38.719513
99,0.74902344,-0.3552246,0.34545898,-60.548782,15.426829,-34.84756
99,0.7927246,-0.36669922,0.37597656,-28.20122,12.012196,-37.286587
99,0.74438477,-0.35009766,0.42626953,-7.652439,3.780488,-35.365856
99,0.7734375,-0.3815918,0.46875,-3.3841465,-2.0731707,-38.689026
99,0.8444824,-0.40161133,0.49731445,7.652439,-2.8963416,-40.85366
100,1.0246582,-0.37451172,0.47973633,6.9512196,-1.8292683,-37.835365
100,1.4267578,-0.39501953,0.50439453,-1.1585367,2.2256098,-31.371952
100,1.3776855,-0.35839844,0.5144043,-12.286586,-7.9573174,-12.713415
100,0.8496094,-0.31982422,0.3996582,-30.640245,1.7073171,38.780487
100,0.8989258,-0.30981445,0.3154297,-6.3414636,0.6097561,76.28049
100,1.0712891,-0.31298828,0.30151367,38.719513,-3.8109758,93.23171
100,1.1083984,-0.2697754,0.29663086,72.743904,-0.21341464,120.121956
100,1.0517578,-0.19433594,0.29052734,68.597565,3.9939024,137.19513
100,0.8947754,-0.1303711,0.29052734,42.560978,2.0731707,134.93903
100,0.7167969,-0.14160156,0.24584961,5.304878,-4.878049,143.96342
100,0.6928711,-0.19335938,0.22290039,-8.75,-8.658537,128.04878
100,0.7531738,-0.2475586,0.2199707,-7.5914636,-13.353659,109.176834
100,0.7717285,-0.27954102,0.21704102,11.707317,-15.030488,78.65854
100,0.80981445,-0.2841797,0.22705078,30.274391,-11.432927,51.463417
100,0.86938477,-0.23291016,0.26489258,38.932926,-3.4146342,24.84756
100,1.0390625,-0.21362305,0.3154297,30.335367,4.054878,-15.609756
100,1.020752,-0.19580078,0.34350586,11.371951,2.5,-46.15854
100,1.2375488,-0.24023438,0.34057617,-15,1.9817073,-80.518295
100,1.2407227,-0.3618164,0.3894043,-36.768295,-20.091463,-138.2317
100,0.9772949,-0.42333984,0.49145508,-34.60366,-45.518295,-159.23781
100,0.7763672,-0.41479492,0.54785156,-16.463415,-36.09756,-153.96342
100,0.9243164,-0.3293457,0.4633789,21.646341,-19.969513,-110.518295
100,0.8840332,-0.18188477,0.34887695,27.621952,-10.609756,-71.89024
100,0.9169922,-0.0859375,0.27197266,20.091463,-6.7073174,-35.640244
100,0.8156738,-0.025634766,0.34204102,1.3109757,-2.6219513,-10.030488
100,0.7043457,-0.12597656,0.34204102,-51.28049,-1.7378049,-2.5914636
100,0.6647949,-0.25805664,0.31176758,-96.310974,11.341464,0.85365856
100,0.7019043,-0.38989258,0.28515625,-93.65854,22.012196,2.4695122
100,0.7463379,-0.40014648,0.30737305,-65.79269,17.682928,-1.2195122
100,0.7512207,-0.39257813,0.3178711,-37.835365,13.719513,-6.432927
101,0.71240234,-0.36621094,0.36157227,2.8963416,5.396342,-14.603659
101,0.7939453,-0.33764648,0.4177246,8.262196,1.4939024,-26.493902
101,0.8886719,-0.3828125,0.45141602,8.993902,-2.1646342,-39.878048
101,1.3164063,-0.40039063,0.47021484,6.0365853,3.2926831,-50.94512
101,1.6401367,-0.38745117,0.5205078,-1.2195122,3.6890244,-50.060978
101,1.2346191,-0.3010254,0.47070313,-33.109756,-4.4512196,-32.134148
101,0.7026367,-0.32373047,0.35058594,-39.939026,-0.21341464,23.90244
101,0.85791016,-0.30493164,0.31347656,20.609756,-4.268293,58.048782
101,1.0222168,-0.28686523,0.32055664,88.56708,-7.682927,86.61585
101,0.96875,-0.22192383,0.2734375,123.62805,-8.658537,88.62805
101,0.9567871,-0.1821289,0.24731445,116.31098,7.164634,98.018295
101,0.74975586,-0.05859375,0.26611328,79.847565,14.512196,81.95122
101,0.6706543,-0.030761719,0.2409668,-45.457317,16.707317,89.5122
101,0.65893555,-0.2475586,0.19116211,-87.31708,8.628049,72.68293
101,0.7663574,-0.31225586,0.20043945,-44.817074,-1.3109757,54.32927
101,0.8017578,-0.30859375,0.17529297,-5.4573174,11.036586,29.542685
101,0.85424805,-0.28955078,0.17675781,4.6036587,11.707317,18.59756
101,0.9782715,-0.24707031,0.25048828,20.304878,13.262196,-1.2804878
101,1.1369629,-0.22607422,0.32788086,16.920732,13.1707325,-28.170732
101,1.125,-0.21655273,0.36450195,-9.481708,5.396342,-44.969513
101,1.4108887,-0.2631836,0.37670898,-26.40244,8.1402445,-64.96951
101,1.2431641,-0.31420898,0.42773438,-30.121952,-10.426829,-97.40854
101,0.79663086,-0.32495117,0.4814453,-32.34756,-33.871952,-96.89024
101,0.6484375,-0.33813477,0.47338867,-14.4207325,-22.164635,-75.48781
101,0.82714844,-0.20532227,0.40820313,34.878048,-13.323171,-38.536587
101,0.8640137,-0.080322266,0.32470703,39.298782,-11.79878,-10.060976
101,0.8840332,-0.018310547,0.28027344,23.841463,-2.2256098,-2.1646342
101,0.6879883,-0.032958984,0.30297852,-13.841464,2.378049,-5.27439
101,0.6225586,-0.11328125,0.3256836,-64.69512,7.4390244,-15.731708
101,0.66137695,-0.26220703,0.30908203,-100.57927,25.030489,-21.432928
101,0.7224121,-0.34692383,0.27612305,-66.92073,25.304878,-16.981709
102,0.7788086,-0.32495117,0.2927246,-27.804878,21.067074,-27.713415
102,0.7824707,-0.32250977,0.33569336,-6.737805,12.195122,-29.664635
102,0.8498535,-0.36132813,0.4033203,9.664635,-1.4329269,-37.957317
102,0.93359375,-0.38891602,0.44995117,16.95122,-8.689025,-46.798782
102,1.0576172,-0.38452148,0.4543457,13.262196,-11.463415,-49.84756
102,1.5112305,-0.41748047,0.49267578,3.780488,-3.2317073,-50.335365
102,1.2585449,-0.33569336,0.47216797,-14.207317,-12.652439,-37.80488
102,0.7770996,-0.2836914,0.37280273,-35.762196,-4.4817076,-3.2317073
102,0.90405273,-0.29882813,0.27563477,-5.030488,-2.4390244,46.52439
102,0.99853516,-0.3100586,0.27612305,54.207317,-11.371951,70.88415
102,0.9904785,-0.32373047,0.26367188,95.30488,-10.945122,89.54269
102,1.1169434,-0.19433594,0.2890625,147.56097,-17.530489,137.65244
102,0.8249512,-0.005859375,0.2199707,172.22562,3.0182927,111.15854
102,0.6977539,0.001953125,0.22314453,98.81098,25.884148,73.32317
102,0.7392578,-0.03881836,0.3618164,-84.39024,7.408537,76.55488
102,0.67700195,-0.29956055,0.19091797,-139.84756,25.15244,79.42073
102,0.81469727,-0.3840332,0.17895508,-63.567074,-5.914634,60.48781
102,0.88183594,-0.29101563,0.21875,-1.4939024,18.810976,28.536587
102,1.0693359,-0.328125,0.20483398,12.012196,21.341463,18.018293
102,1.1447754,-0.21020508,0.25048828,13.719513,32.317074,-3.6890244
102,1.0627441,-0.10888672,0.33618164,-19.634148,22.713415,-32.317074
102,1.3757324,-0.18115234,0.35107422,-48.07927,26.280489,-55.213417
102,1.3173828,-0.29541016,0.3569336,-57.134148,8.689025,-83.56708
102,0.82910156,-0.40014648,0.4675293,-33.23171,-37.19512,-105.18293
102,0.70166016,-0.39526367,0.50146484,7.560976,-30.823172,-89.48171
102,0.85595703,-0.29223633,0.42822266,53.536587,-20.70122,-71.21951
102,0.92456055,-0.09033203,0.28808594,75.18293,-19.237804,-34.390244
102,0.9108887,0.052490234,0.25585938,46.280487,-11.8902445,-31.79878
102,0.7583008,0.053955078,0.30932617,-3.1707318,-5.914634,-31.524391
102,0.6291504,-0.10131836,0.33422852,-72.5,-1.097561,-37.92683
102,0.68530273,-0.27416992,0.32543945,-96.46342,23.59756,-36.768295
103,0.7583008,-0.32177734,0.25634766,-88.96342,26.920732,-24.32927
103,0.77905273,-0.36621094,0.3269043,-35.060978,13.902439,-25.487806
103,0.7824707,-0.38305664,0.4050293,-5.304878,9.756098,-21.036587
103,0.75927734,-0.39892578,0.45825195,22.042683,-2.5,-21.920732
103,0.81591797,-0.39208984,0.4814453,42.5,-6.0670733,-29.756098
103,0.9157715,-0.36083984,0.4814453,41.15854,-5.6097565,-38.414635
103,1.3051758,-0.38012695,0.49145508,23.62805,4.3292685,-44.69512
103,1.3908691,-0.2919922,0.5048828,-17.835367,5.4268293,-36.859756
103,0.90478516,-0.28271484,0.43920898,-55.243904,11.25,-0.42682928
103,0.8671875,-0.31030273,0.3828125,-49.7561,17.469513,50.365856
103,1.0249023,-0.3112793,0.33789063,27.743902,1.3719512,90.09147
103,1.0239258,-0.3461914,0.2758789,61.646343,-2.195122,111.189026
103,1.0559082,-0.30932617,0.265625,87.22561,3.2926831,121.28049
103,0.8791504,-0.15454102,0.28173828,82.439026,2.3475611,139.60367
103,0.70288086,-0.06616211,0.2619629,40.518295,8.414635,128.38416
103,0.6882324,-0.16015625,0.26098633,2.1341465,4.4817076,132.80489
103,0.83203125,-0.27661133,0.2590332,6.737805,1.7073171,103.17073
103,0.86987305,-0.26489258,0.25195313,3.8414636,9.207317,86.06708
103,0.8652344,-0.26000977,0.22753906,-0.85365856,11.128049,67.68293
103,0.9628906,-0.2253418,0.2758789,2.5609756,16.463415,38.20122
103,1.0507813,-0.19677734,0.32470703,2.5609756,20.97561,13.384147
103,0.9460449,-0.19091797,0.37597656,-13.292684,17.439024,-13.445123
103,1.123291,-0.24584961,0.3786621,-41.920734,16.95122,-61.58537
103,1.1425781,-0.3359375,0.40820313,-48.567074,0.945122,-108.38415
103,0.8703613,-0.38623047,0.49536133,-40.15244,-22.195122,-136.9817
103,0.7265625,-0.35205078,0.5493164,-12.378049,-24.237806,-131.64635
103,0.86694336,-0.3251953,0.53564453,16.585365,-19.481709,-115.243904
103,0.9482422,-0.24853516,0.46875,38.323174,-20.670732,-89.42073
103,0.9313965,-0.10986328,0.35742188,32.469513,-11.463415,-59.69512
103,0.8000488,-0.050048828,0.34716797,12.865854,-4.359756,-43.414635
103,0.65527344,-0.08178711,0.35986328,-25.487806,-4.237805,-38.932926
104,0.66137695,-0.22509766,0.35424805,-88.17073,13.993903,-40.609756
104,0.7558594,-0.31396484,0.35668945,-99.90854,25,-33.993904
104,0.7824707,-0.39038086,0.36401367,-81.06708,23.262196,-29.573172
104,0.7297363,-0.4152832,0.3959961,-51.067074,14.817074,-34.512196
104,0.74316406,-0.4519043,0.42382813,-24.908537,8.109756,-40.670734
104,0.8129883,-0.43847656,0.4724121,1.7987806,-0.85365856,-55.060978
104,0.99609375,-0.38842773,0.47094727,9.3902445,-0.06097561,-60.73171
104,1.3874512,-0.4284668,0.4699707,1.0365853,1.0670732,-61.55488
104,1.4553223,-0.40429688,0.5073242,-10.396341,-9.176829,-51.615856
104,0.8251953,-0.3305664,0.4013672,-36.15854,-2.5609756,8.932927
104,0.8737793,-0.28100586,0.3305664,-15.091464,-3.5365853,58.44512
104,1.0480957,-0.25341797,0.296875,34.817074,-10.487805,83.65854
104,1.0627441,-0.26220703,0.26879883,65.30488,-8.993902,116.28049
104,1.0388184,-0.2199707,0.28710938,69.96951,-7.1951222,133.29268
104,0.88720703,-0.17358398,0.31298828,62.98781,-10.27439,140.12195
104,0.67041016,-0.13476563,0.30395508,42.5,-14.054878,126.31098
104,0.6472168,-0.12231445,0.2902832,-9.908537,-9.512196,101.43293
104,0.7438965,-0.25756836,0.24633789,-20.15244,-18.780489,90.426834
104,0.7922363,-0.24047852,0.21069336,7.5914636,-10.365854,49.115856
104,0.79174805,-0.23168945,0.20288086,23.07927,-6.8597565,26.493902
104,0.91625977,-0.25170898,0.23510742,39.634148,0.12195122,4.756098
104,1.1484375,-0.24047852,0.2939453,46.737804,13.018293,-29.908537
104,1.0488281,-0.18823242,0.32299805,30.54878,6.4634147,-47.439026
104,1.2514648,-0.22070313,0.32373047,8.262196,7.8353662,-58.414635
104,1.3918457,-0.24536133,0.34204102,-13.689025,-2.012195,-86.46342
104,1.0073242,-0.34423828,0.43041992,-26.280489,-37.682926,-103.07927
104,0.7607422,-0.3684082,0.46362305,-17.835367,-39.085365,-89.11585
104,0.7495117,-0.26879883,0.37402344,29.17683,-29.634148,-49.817074
104,0.8105469,-0.17333984,0.28271484,51.55488,-26.890245,-28.567074
104,0.8544922,-0.060791016,0.24243164,44.817074,-16.615854,-10.853659
105,0.79589844,-0.037597656,0.32055664,9.72561,-8.445122,-9.420732
105,0.65234375,-0.078125,0.36572266,-48.44512,-5.2134147,-12.408537
105,0.62768555,-0.15527344,0.35791016,-123.93293,8.20122,-16.615854
105,0.75439453,-0.36914063,0.27978516,-141.15854,17.37805,-16.341463
105,0.7788086,-0.45654297,0.28051758,-75.518295,18.231709,-17.865854
105,0.8105469,-0.513916,0.35595703,4.085366,13.658537,-22.896341
105,0.8220215,-0.38500977,0.4987793,40.792683,-0.85365856,-13.628049
105,0.84399414,-0.35986328,0.54785156,34.115856,2.1036587,-18.658537
105,0.9230957,-0.32128906,0.5061035,19.390244,1.5243902,-19.115854
105,1.3334961,-0.2902832,0.47070313,-12.408537,19.695122,-25.182928
105,1.4731445,-0.35009766,0.48999023,-40.060978,23.567074,-25.365854
105,1.0839844,-0.31835938,0.41503906,-64.81708,21.585367,-8.1402445
105,0.9489746,-0.33618164,0.32983398,-58.23171,24.237806,38.292683
105,0.970459,-0.37109375,0.31835938,-1.0365853,7.2865853,47.896343
105,0.85839844,-0.34375,0.26171875,35.94512,-0.09146342,61.920734
105,0.82299805,-0.26489258,0.21411133,71.52439,-4.7865853,82.0122
105,0.7763672,-0.20922852,0.23461914,96.55488,-9.756098,76.89024
105,0.6628418,-0.14355469,0.26831055,78.993904,-9.573171,73.04878
105,0.6899414,-0.15625,0.24487305,21.82927,-12.012196,63.810978
105,0.6767578,-0.22753906,0.23901367,21.12805,-10.27439,46.82927
105,0.73095703,-0.23754883,0.24560547,29.817074,-6.25,25.121952
105,0.8991699,-0.24584961,0.25463867,34.90854,6.8597565,7.2865853
105,1.0686035,-0.20678711,0.3022461,35.213417,14.939025,-6.9817076
105,1.2602539,-0.18457031,0.33740234,28.140245,23.414635,-20.487804
105,1.1220703,-0.08081055,0.35839844,-18.292683,19.32927,-28.658537
105,1.4123535,-0.13500977,0.3791504,-55.396343,23.20122,-40.27439
105,1.4509277,-0.22583008,0.40673828,-72.68293,12.012196,-59.237804
105,0.85058594,-0.29174805,0.45947266,-79.20732,-19.939024,-64.90854
105,0.6347656,-0.27954102,0.4621582,-46.890244,-22.713415,-47.957317
105,0.6972656,-0.21289063,0.42041016,11.067074,-22.408537,-34.634148
106,0.81518555,-0.05883789,0.36523438,41.09756,-12.835366,-20.091463
106,0.8256836,0.0078125,0.33325195,16.585365,-3.0182927,-13.109756
106,0.736084,-0.007324219,0.34765625,-24.29878,7.256098,-20.335367
106,0.6291504,-0.1496582,0.34155273,-83.32317,10.792684,-33.292683
106,0.64404297,-0.2746582,0.31298828,-103.47561,20,-35.30488
106,0.67211914,-0.33447266,0.29174805,-70.518295,20.853659,-35.85366
106,0.7285156,-0.3786621,0.34375,-10,11.585366,-42.286587
106,0.72875977,-0.38549805,0.421875,2.4695122,3.932927,-42.865856
106,0.7915039,-0.44482422,0.4885254,2.957317,-1.9207318,-45.609756
106,0.89819336,-0.47509766,0.5214844,6.9817076,-6.890244,-50.27439
106,1.0393066,-0.4790039,0.49804688,1.3109757,-1.7073171,-46.189026
106,1.5009766,-0.5690918,0.52856445,10.304878,3.6585367,-39.664635
106,1.2651367,-0.4128418,0.52783203,1.8292683,-2.6219513,-21.036587
106,0.80566406,-0.34594727,0.44506836,-23.993902,5.0609756,28.536587
106,0.8051758,-0.36645508,0.40478516,0.12195122,-3.9939024,72.04269
106,0.93603516,-0.3959961,0.36523438,67.835365,-8.932927,89.90854
106,0.9589844,-0.31298828,0.30566406,88.32317,-4.1768293,105.15244
106,0.99853516,-0.23730469,0.30249023,93.96342,1.097561,112.926834
106,0.7927246,-0.12109375,0.3100586,91.0061,-6.432927,116.46342
106,0.63793945,-0.111816406,0.29467773,47.896343,-4.268293,105.48781
106,0.6262207,-0.2055664,0.25805664,17.65244,-7.012195,97.89635
106,0.7470703,-0.2631836,0.23144531,31.280489,-7.22561,74.756096
106,0.86157227,-0.26733398,0.24926758,52.77439,-0.57926834,52.77439
106,0.97998047,-0.21289063,0.26782227,55.640244,11.554878,39.359756
106,1.223877,-0.12036133,0.32177734,35.70122,29.573172,15.762196
106,1.1477051,-0.044189453,0.3244629,1.0365853,30.884148,3.4146342
106,1.1164551,-0.03100586,0.32836914,-40.57927,23.810976,-7.378049
106,1.4030762,-0.122558594,0.3564453,-63.567074,19.268293,-42.621952
106,1.1132813,-0.22363281,0.4206543,-69.81708,-10.213415,-77.439026
106,0.7573242,-0.2709961,0.48120117,-62.19512,-26.737806,-87.439026
106,0.6464844,-0.22851563,0.45996094,-11.25,-34.420734,-76.585365
107,0.7854004,-0.24511719,0.42626953,42.65244,-36.768295,-81.03659
107,0.8479004,-0.24121094,0.4020996,70.67073,-41.25,-74.54269
107,0.8161621,-0.1394043,0.3798828,62.68293,-28.963415,-68.96342
107,0.6677246,-0.056396484,0.40478516,20.274391,-21.920732,-67.80488
107,0.654541,-0.103027344,0.41845703,-47.19512,-15.304878,-69.69512
107,0.7468262,-0.2524414,0.37402344,-96.03659,8.109756,-63.018295
107,0.7265625,-0.2939453,0.34472656,-85.79269,10.914635,-52.896343
107,0.7578125,-0.33129883,0.38110352,-70.88415,7.530488,-45.060978
107,0.7780762,-0.38867188,0.4855957,-50.213417,1.6463416,-32.134148
107,0.80249023,-0.40283203,0.5534668,-35.914635,-3.3841465,-30.914635
107,0.87524414,-0.42895508,0.5756836,-26.341465,-6.52439,-33.871952
107,1.1833496,-0.46264648,0.5686035,-10.121951,-1.6158537,-28.07927
107,1.6230469,-0.49609375,0.6123047,12.378049,1.1280488,-20.54878
107,1.2573242,-0.35864258,0.5625,10.152439,-4.6341467,2.5
107,0.8483887,-0.28173828,0.4260254,1.3109757,10.518293,65.335365
107,0.9538574,-0.25830078,0.34838867,33.44512,4.4512196,95.03049
107,0.99194336,-0.28125,0.28955078,62.40854,7.1036587,111.98171
107,1.0805664,-0.2541504,0.28198242,90.060974,10.823171,116.951225
107,0.95996094,-0.16235352,0.28588867,81.40244,12.195122,124.085365
107,0.75439453,-0.107666016,0.27954102,45.213417,11.402439,117.621956
107,0.6279297,-0.08496094,0.21191406,-16.463415,6.737805,110.45732
107,0.66430664,-0.19799805,0.20239258,-11.615854,-1.8292683,93.47561
107,0.7294922,-0.25146484,0.21850586,8.810976,-1.2195122,66.15854
107,0.8417969,-0.24926758,0.22167969,44.786587,6.920732,42.5
107,1.0349121,-0.22338867,0.2783203,60.457317,11.707317,22.560976
107,1.2998047,-0.10595703,0.32470703,54.05488,24.420732,0.42682928
107,1.050293,0.018798828,0.3515625,-7.3475614,12.5,-19.908537
107,1.2197266,-0.09375,0.3413086,-45.70122,12.042684,-39.512196
107,1.2695313,-0.18798828,0.34057617,-48.993904,0,-70.85366
107,0.875,-0.27685547,0.43164063,-48.07927,-33.719513,-100.73171
108,0.79125977,-0.25219727,0.44311523,-38.963417,-28.109756,-106.40244
108,1.0083008,-0.23046875,0.43969727,-19.237804,-26.189026,-103.32317
108,0.96899414,-0.19482422,0.3972168,-9.756098,-34.115856,-90.27439
108,0.888916,-0.18237305,0.35717773,-16.12805,-23.780489,-72.5
108,0.79125977,-0.1772461,0.3564453,-9.359756,-19.29878,-61.463417
108,0.640625,-0.17333984,0.38476563,-33.75,-19.085367,-56.67683
108,0.5883789,-0.20654297,0.3400879,-74.39024,-2.8963416,-54.17683
108,0.6608887,-0.2980957,0.3125,-74.20732,0.15243903,-45.487804
108,0.72631836,-0.37524414,0.3803711,-25.274391,3.5975611,-45.42683
108,0.79589844,-0.42382813,0.4416504,-3.2926831,0.27439025,-39.298782
108,0.8623047,-0.44628906,0.47558594,5.2439027,-5.152439,-35.670734
108,0.88378906,-0.48486328,0.5102539,16.82927,-13.1402445,-32.22561
108,1.0625,-0.4716797,0.54296875,21.920732,-6.097561,-20.54878
108,1.4365234,-0.51171875,0.55444336,20.518293,-4.72561,-5.640244
108,1.2026367,-0.40551758,0.48413086,13.445123,1.6768293,18.90244
108,0.96435547,-0.33935547,0.3791504,6.52439,16.067074,60.670734
108,1.0737305,-0.26904297,0.35864258,20.091463,18.871952,91.61585
108,1.0571289,-0.26245117,0.2927246,37.77439,16.79878,118.018295
108,1.1191406,-0.2668457,0.26660156,52.225613,21.036587,123.689026
108,1.0458984,-0.12719727,0.2421875,81.189026,-0.6707317,161.70732
108,0.6455078,-0.06591797,0.19824219,77.04269,43.689026,96.34147
108,0.6796875,0.045654297,0.31201172,-59.268295,12.77439,74.05488
108,0.6550293,-0.17016602,0.1496582,-104.29878,12.22561,117.59147
108,0.7001953,-0.25952148,0.14648438,-14.878049,-6.25,58.323174
108,0.7807617,-0.31518555,0.18383789,24.817074,-0.73170733,42.713417
108,0.9953613,-0.3557129,0.20629883,53.475613,5.8841467,28.567074
108,1.2580566,-0.18432617,0.27514648,76.585365,21.981709,-6.128049
108,1.1088867,-0.0234375,0.32421875,38.841465,18.292683,-18.567074
108,1.3774414,-0.010742188,0.35717773,-22.835367,18.536587,-32.560978
108,1.2766113,-0.1508789,0.39916992,-80.30488,-6.8292685,-71.28049
108,0.94433594,-0.2939453,0.4453125,-98.96342,-29.786587,-88.23171
109,0.69921875,-0.3400879,0.47802734,-76.21951,-28.04878,-87.98781
109,0.88183594,-0.31079102,0.45703125,0,-21.219513,-84.451225
109,0.92944336,-0.18408203,0.39819336,37.743904,-12.042684,-68.689026
109,0.90722656,-0.072509766,0.31982422,31.493904,-3.0792685,-50.30488
109,0.8288574,-0.10107422,0.33618164,-16.463415,10.213415,-51.646343
109,0.7211914,-0.21142578,0.3330078,-72.77439,10.27439,-58.262196
109,0.63012695,-0.2956543,0.26953125,-123.78049,23.04878,-56.493904
109,0.66137695,-0.44848633,0.28076172,-98.35366,17.408537,-51.98171
109,0.6398926,-0.56933594,0.31689453,-51.0061,12.5,-50.487804
109,0.689209,-0.6352539,0.3544922,-17.957317,9.085366,-39.69512
109,0.79467773,-0.6401367,0.4284668,18.04878,2.957317,-35.884148
109,0.84521484,-0.6398926,0.44384766,25.640245,-2.012195,-37.591465
109,0.9616699,-0.6274414,0.44750977,20.42683,-2.987805,-32.012196
109,1.6125488,-0.69262695,0.5119629,24.268293,1.1890244,-23.018293
109,1.3276367,-0.50805664,0.50146484,14.085366,-6.3109756,-20.304878
109,0.8342285,-0.38720703,0.3852539,-14.878049,-1.0365853,31.12805
109,0.8310547,-0.40844727,0.2849121,19.390244,-12.073171,92.164635
109,1.0129395,-0.39892578,0.2421875,81.43293,-11.310976,95.060974
109,1.0476074,-0.32128906,0.22973633,103.44512,-5,107.04269
109,0.9724121,-0.17016602,0.19335938,92.71342,-3.262195,112.621956
109,0.7705078,-0.10205078,0.17773438,65.85366,-3.0182927,114.60366
109,0.6530762,-0.107910156,0.16894531,28.47561,-6.4634147,106.371956
109,0.67285156,-0.23901367,0.15039063,1.0060976,-12.835366,89.72561
109,0.7331543,-0.25805664,0.14379883,12.378049,-10.426829,64.664635
109,0.7927246,-0.25219727,0.13500977,26.12805,-4.756098,47.2561
109,1.0786133,-0.24658203,0.18261719,45.121952,4.420732,17.896341
109,1.2788086,-0.20727539,0.25708008,47.987804,12.347561,-5.5487804
109,1.175293,-0.17578125,0.31347656,30.121952,2.7743902,-20.823172
109,1.3234863,-0.15405273,0.3178711,5.792683,-1.4329269,-40.823174
109,1.5368652,-0.20678711,0.35498047,-2.9268293,-3.5060976,-65.914635
109,1.0979004,-0.22290039,0.41308594,-23.47561,-36.432926,-88.32317
110,0.7290039,-0.2626953,0.45141602,-28.170732,-41.82927,-88.32317
110,0.8144531,-0.2631836,0.4321289,5.7317076,-40.73171,-75.57927
110,0.90405273,-0.21386719,0.4013672,42.713417,-34.085365,-56.737804
110,0.82666016,-0.07421875,0.3088379,40.091465,-20.762196,-23.140244
110,0.75268555,-0.040527344,0.2993164,13.689025,-8.445122,-16.920732
110,0.6333008,-0.09423828,0.32543945,-20.97561,-4.4512196,-22.621952
110,0.611084,-0.2602539,0.30639648,-75.48781,4.8170733,-33.018295
110,0.6394043,-0.3322754,0.2529297,-77.31708,17.743902,-30.914635
110,0.7561035,-0.41064453,0.29052734,-31.189026,16.09756,-33.018295
110,0.8300781,-0.40063477,0.40112305,5.7012196,9.847561,-30.853659
110,0.796875,-0.40673828,0.4494629,0.45731708,0.4878049,-23.445122
110,0.8581543,-0.43481445,0.47631836,-2.9268293,-3.262195,-23.231709
110,1.0153809,-0.46411133,0.513916,7.22561,-4.420732,-18.231709
110,1.3828125,-0.51538086,0.54418945,12.987805,-0.42682928,-14.268293
110,1.5021973,-0.46850586,0.58154297,9.45122,4.02439,-18.353659
110,0.88012695,-0.25561523,0.3942871,-33.5061,10.884147,17.682928
110,0.86328125,-0.27001953,0.359375,-23.170732,8.20122,65.48781
110,0.9626465,-0.3503418,0.34350586,41.189026,-3.1097562,81.64635
110,0.92871094,-0.36450195,0.28125,87.22561,0.6707317,92.164635
110,1.0864258,-0.26708984,0.27783203,101.493904,16.12805,89.939026
110,0.9025879,-0.055664063,0.23120117,70.121956,19.32927,92.04269
110,0.61572266,-0.057617188,0.20581055,-7.2865853,12.22561,79.756096
110,0.5854492,-0.19848633,0.17871094,-34.878048,2.987805,94.7561
110,0.6430664,-0.31103516,0.16601563,-0.030487806,-8.871951,74.29878
110,0.78344727,-0.31958008,0.19921875,29.29878,-5.8536587,47.225613
110,0.91015625,-0.31347656,0.22729492,45.518295,-1.5853659,33.871952
110,1.2250977,-0.23632813,0.2705078,53.65854,12.682927,13.628049
110,1.1791992,7.32E-04,0.31762695,12.713415,21.95122,-5.518293
110,1.0136719,0.032470703,0.36401367,-48.262196,7.1036587,-13.262196
110,1.3669434,-0.10205078,0.37109375,-80.060974,12.195122,-33.689026
110,1.1242676,-0.33129883,0.44433594,-76.006096,-25.731709,-79.87805
111,0.826416,-0.44311523,0.5095215,-48.35366,-37.22561,-94.39024
111,0.7248535,-0.33032227,0.46020508,5.5792685,-21.615854,-86.92073
111,0.8762207,-0.20141602,0.3762207,64.78659,-27.439026,-64.39024
111,0.8679199,-0.1262207,0.3388672,65.7622,-20.060976,-51.0061
111,0.8557129,-0.072021484,0.32006836,38.628048,-10.731708,-40.548782
111,0.7380371,-0.13623047,0.3503418,-29.359756,-6.158537,-39.939026
111,0.6542969,-0.22338867,0.37524414,-93.018295,1.4024391,-42.530487
111,0.6567383,-0.30981445,0.3671875,-149.39024,13.04878,-45.85366
111,0.71484375,-0.44262695,0.2524414,-80.21342,20.15244,-22.012196
111,0.7668457,-0.46435547,0.32592773,-2.5304878,25.42683,-24.908537
111,0.82006836,-0.41430664,0.45898438,19.939024,18.109756,-33.628048
111,0.85009766,-0.35742188,0.51123047,23.506098,9.146341,-28.871952
111,0.94921875,-0.3125,0.49389648,-1.7073171,5.7012196,-25.853659
111,1.244873,-0.35180664,0.43798828,-19.664635,9.146341,-30.670732
111,1.5754395,-0.3557129,0.4699707,-29.085367,16.432928,-21.12805
111,1.0141602,-0.2854004,0.36401367,-53.5061,4.664634,-2.4695122
111,0.7453613,-0.3017578,0.28442383,-48.567074,4.268293,39.02439
111,1.0534668,-0.2878418,0.3173828,29.573172,-6.9512196,53.871952
111,0.92700195,-0.24316406,0.29467773,49.725613,-13.384147,74.20732
111,0.86572266,-0.17089844,0.22460938,56.15854,-17.530489,77.59147
111,0.7336426,-0.11767578,0.18701172,79.664635,-10.030488,78.93293
111,0.62353516,-0.02758789,0.22045898,51.067074,-17.439024,65.18293
111,0.58032227,-0.05859375,0.20751953,-2.8963416,-19.603659,58.62805
111,0.6777344,-0.18579102,0.20922852,-37.835365,-12.652439,36.128048
111,0.8654785,-0.23754883,0.20385742,-6.615854,-4.1463413,10.762196
111,0.935791,-0.24560547,0.24145508,15.792684,6.7987804,-6.3414636
111,1.095459,-0.20288086,0.32177734,14.4207325,9.45122,-24.29878
111,1.1872559,-0.17260742,0.3774414,7.652439,17.957317,-37.77439
111,1.0712891,-0.18164063,0.43676758,-4.237805,6.2195125,-44.69512
111,1.2800293,-0.25683594,0.46484375,-13.536586,10.97561,-56.67683
112,1.3779297,-0.27001953,0.5031738,-18.04878,7.164634,-67.28659
112,0.9926758,-0.3137207,0.5024414,-23.506098,-21.615854,-68.506096
112,0.70874023,-0.37329102,0.45898438,32.10366,-18.109756,-48.262196
112,0.76708984,-0.22998047,0.3972168,51.98171,-10.060976,-25.914635
112,0.8444824,-0.0715332,0.2841797,47.957317,-1.25,7.3475614
112,0.9165039,0.091552734,0.23266602,10.54878,12.560976,21.25
112,0.86376953,0.03930664,0.2890625,-40.97561,11.158537,21.920732
112,0.7312012,-0.09375,0.30273438,-97.347565,12.22561,17.317074
112,0.55810547,-0.19726563,0.25634766,-115.64024,19.115854,23.810976
112,0.6027832,-0.25317383,0.265625,-75.97561,13.871951,10.823171
112,0.71777344,-0.31396484,0.32348633,-19.420732,9.237805,-2.0731707
112,0.7429199,-0.32348633,0.43237305,39.84756,1.9817073,-7.77439
112,0.7495117,-0.26733398,0.4555664,53.719513,0.51829267,-18.810976
112,0.8449707,-0.2709961,0.48217773,44.817074,-4.390244,-30.518293
112,1.0910645,-0.2939453,0.5239258,17.896341,-5.487805,-48.20122
112,1.5341797,-0.3786621,0.53808594,-6.3109756,-8.1402445,-55.121952
112,1.4550781,-0.3852539,0.53564453,-28.963415,0.18292683,-58.62805
112,0.88427734,-0.34301758,0.39208984,-62.073174,3.6585367,-14.969513
112,0.7697754,-0.35473633,0.35107422,-29.207317,2.6219513,22.286587
112,1.0100098,-0.28027344,0.3479004,39.359756,0.09146342,45.884148
112,0.84521484,-0.24121094,0.27905273,70.64024,-5.8841467,73.53659
112,0.82666016,-0.21484375,0.25927734,72.80488,-3.8414636,75.36585
112,0.7558594,-0.14990234,0.2553711,65.39634,-0.945122,79.756096
112,0.595459,-0.12036133,0.26416016,29.085367,-9.512196,76.25
112,0.6125488,-0.17016602,0.21972656,-1.0670732,-6.1890244,70.70122
112,0.68188477,-0.25561523,0.19213867,-18.20122,-8.384147,44.05488
112,0.81591797,-0.27490234,0.1965332,8.079268,-5.4268293,15.579268
112,0.8984375,-0.2602539,0.2109375,16.79878,-0.15243903,-0.21341464
112,1.0949707,-0.20825195,0.27026367,11.676829,9.817074,-18.536587
112,1.2646484,-0.12402344,0.3239746,-15.213415,17.896341,-33.871952
112,1.1467285,-0.12915039,0.37939453,-45.030487,2.2256098,-40.548782
113,1.4746094,-0.24487305,0.41064453,-46.189026,7.987805,-46.82927
113,1.2116699,-0.26245117,0.5058594,-24.32927,-24.146341,-53.262196
113,0.798584,-0.34448242,0.607666,1.7682927,-45.57927,-54.02439
113,0.6550293,-0.31030273,0.53466797,22.591463,-27.682928,-38.07927
113,0.7998047,-0.10595703,0.35083008,40.060978,-4.054878,-1.4329269
113,0.8535156,0.07006836,0.2788086,31.615854,3.780488,9.085366
113,0.8305664,0.12011719,0.25952148,0.45731708,10.091464,8.170732
113,0.7167969,-0.053466797,0.30419922,-53.018295,11.158537,0.36585367
113,0.61938477,-0.19848633,0.2998047,-93.07927,21.036587,-8.018292
113,0.62841797,-0.31518555,0.30932617,-119.29878,31.981709,-18.140244
113,0.75512695,-0.37329102,0.29003906,-91.73781,27.134148,-18.780489
113,0.75390625,-0.43530273,0.24902344,-23.292683,18.658537,-17.621952
113,0.71777344,-0.4638672,0.35620117,51.82927,6.7987804,-32.682926
113,0.79907227,-0.42578125,0.4326172,62.40854,-4.2987804,-43.841465
113,0.84106445,-0.40283203,0.49682617,63.993904,-10.518293,-55.94512
113,1.0625,-0.3371582,0.49804688,33.871952,-7.6219516,-56.798782
113,1.7563477,-0.3540039,0.5390625,-12.591464,4.054878,-46.859756
113,1.1806641,-0.2998047,0.5029297,-48.140244,-7.896342,-18.841463
113,0.82373047,-0.3479004,0.38232422,-52.80488,4.3292685,30.762196
113,0.9465332,-0.2956543,0.31420898,6.9512196,-1.5243902,67.13415
113,0.91186523,-0.31396484,0.28393555,44.298782,-6.8292685,85.18293
113,0.8654785,-0.31030273,0.24194336,72.37805,-7.4390244,101.15854
113,0.8937988,-0.26293945,0.28271484,110.39635,-5.8536587,102.04269
113,0.75561523,-0.046142578,0.28759766,73.414635,8.292683,98.32317
113,0.64086914,-0.037841797,0.24853516,-13.75,11.128049,103.56708
113,0.701416,-0.22949219,0.21533203,-31.768293,-6.737805,83.47561
113,0.81518555,-0.2746582,0.2175293,-15.609756,1.4024391,61.890244
113,0.83447266,-0.265625,0.21264648,-8.902439,6.52439,41.15854
113,0.9951172,-0.29223633,0.25805664,2.0731707,9.45122,7.1341467
113,1.1501465,-0.24584961,0.32421875,8.871951,21.615854,-18.963415
113,1.0378418,-0.15527344,0.35107422,-1.6158537,15.457317,-35.94512
114,1.2480469,-0.2397461,0.37329102,-23.719513,10.091464,-62.2561
114,1.3364258,-0.3334961,0.43041992,-21.493902,-1.3109757,-91.82927
114,1.0305176,-0.39746094,0.5266113,-9.420732,-33.5061,-110.243904
114,0.6953125,-0.34570313,0.56152344,8.231708,-37.896343,-99.96951
114,0.71313477,-0.24633789,0.46069336,27.65244,-27.073172,-65.73171
114,0.76171875,-0.10083008,0.34448242,36.707317,-13.902439,-30.792685
114,0.8894043,-0.012695313,0.30541992,26.25,-0.4878049,-12.469513
114,0.80908203,-0.046875,0.35180664,-8.262196,3.7195122,-9.237805
114,0.6796875,-0.16333008,0.3713379,-58.414635,3.8719513,-16.920732
114,0.6635742,-0.35864258,0.36547852,-103.29269,22.774391,-22.713415
114,0.7138672,-0.43920898,0.34887695,-85.48781,22.682928,-16.341463
114,0.732666,-0.4465332,0.32177734,-30.640245,18.689024,-22.042683
114,0.6989746,-0.39331055,0.35253906,14.969513,7.5914636,-32.469513
114,0.80737305,-0.35302734,0.39282227,26.890245,3.1097562,-34.969513
114,0.92749023,-0.3305664,0.43115234,22.92683,2.4390244,-36.310978
114,1.1228027,-0.30908203,0.37890625,-13.689025,4.6036587,-27.713415
114,1.5112305,-0.38183594,0.40844727,-25.54878,3.4756098,-16.432928
114,1.4831543,-0.35961914,0.46679688,-28.993902,-7.408537,-2.3170733
114,0.8054199,-0.28955078,0.41870117,-31.432928,-17.256098,53.62805
114,0.73095703,-0.2939453,0.3400879,9.3902445,6.432927,66.95122
114,1.0036621,-0.28637695,0.31420898,66.70732,-21.82927,61.67683
114,0.9016113,-0.24975586,0.2697754,106.676834,-18.231709,76.25
114,0.92407227,-0.16455078,0.26098633,99.451225,9.45122,70.335365
114,0.77685547,-0.060058594,0.3203125,55.42683,13.1402445,79.54269
114,0.64331055,-0.08520508,0.26489258,-31.981709,2.9268293,65.73171
114,0.6347656,-0.24560547,0.18920898,-39.268295,6.4634147,59.390244
114,0.70532227,-0.20678711,0.18188477,-33.75,11.8902445,34.390244
114,0.7944336,-0.265625,0.16064453,-23.932928,11.554878,18.231709
114,0.8613281,-0.26293945,0.17822266,-16.737804,17.195122,1.9207318
114,1.0400391,-0.25341797,0.23925781,-7.378049,16.646341,-13.536586
115,1.1240234,-0.26391602,0.31518555,-11.280488,12.134147,-35.94512
115,1.1621094,-0.31225586,0.34301758,-20.15244,3.262195,-47.225613
115,1.4472656,-0.34277344,0.36547852,-12.073171,4.237805,-62.80488
115,1.1506348,-0.38208008,0.48608398,2.5,-32.957317,-81.097565
115,0.8120117,-0.4091797,0.56518555,14.45122,-45.640244,-78.32317
115,0.67626953,-0.35083008,0.50439453,38.993904,-26.646341,-42.92683
115,0.7734375,-0.13232422,0.39575195,44.05488,-13.47561,-14.542684
115,0.8376465,0.011230469,0.34350586,16.189024,-7.5914636,2.7134147
115,0.8352051,0.033447266,0.33081055,-8.993902,0.4878049,8.47561
115,0.71606445,-0.060546875,0.3779297,-54.359756,4.9695125,3.6585367
115,0.623291,-0.23950195,0.39233398,-100.45732,15.579268,-9.3902445
115,0.63134766,-0.37280273,0.35473633,-121.55488,31.189026,-9.695122
115,0.6994629,-0.42382813,0.3166504,-76.12805,32.19512,-6.6768293
115,0.73583984,-0.46313477,0.30419922,-3.6890244,27.317074,-8.414635
115,0.69799805,-0.3959961,0.35009766,46.798782,15.823171,-23.140244
115,0.7741699,-0.29370117,0.37182617,51.768295,6.3109756,-26.371952
115,0.9189453,-0.2692871,0.38354492,29.87805,1.1890244,-35.396343
115,1.2265625,-0.3203125,0.3894043,3.0792685,-3.2012196,-44.512196
115,1.5825195,-0.4794922,0.45239258,-10.030488,-12.195122,-47.012196
115,1.1550293,-0.39868164,0.42260742,-20.15244,-17.835367,-33.719513
115,0.767334,-0.38500977,0.32836914,-21.615854,-14.359756,4.02439
115,0.99072266,-0.34594727,0.2878418,55.57927,-16.920732,44.45122
115,0.9729004,-0.27441406,0.29370117,101.097565,-23.810976,53.78049
115,0.92749023,-0.24682617,0.28515625,99.57317,-17.103659,70.79269
115,0.81884766,-0.19360352,0.29663086,70.82317,-5.670732,80.335365
115,0.6777344,-0.13232422,0.28295898,45.73171,-4.02439,85.243904
115,0.6508789,-0.171875,0.26293945,14.4207325,3.2012196,80.57927
115,0.8366699,-0.21777344,0.25170898,-1.3719512,10.97561,58.75
115,0.8786621,-0.2121582,0.23461914,-5.487805,20.213415,45.914635
115,0.9160156,-0.20678711,0.23901367,-17.256098,24.237806,32.40854
115,1.1518555,-0.18725586,0.28637695,-19.054878,35.030487,16.585365
116,1.2141113,-0.16601563,0.30932617,-20.762196,34.146343,10.365854
116,1.081543,-0.16040039,0.3166504,-29.207317,21.67683,3.75
116,1.3613281,-0.22338867,0.33007813,-21.310976,22.439026,-15.457317
116,1.2102051,-0.23388672,0.33666992,-17.134148,5.27439,-37.987804
116,0.77197266,-0.27856445,0.40795898,-16.920732,-27.804878,-56.67683
116,0.56274414,-0.3701172,0.47460938,1.8597561,-27.073172,-62.68293
116,0.7602539,-0.3828125,0.46655273,28.719513,-18.47561,-62.5
116,0.88671875,-0.28100586,0.38085938,50.792683,-14.4207325,-43.44512
116,0.8796387,-0.092285156,0.2788086,40.73171,-10.121951,-27.042683
116,0.7792969,-0.036865234,0.33666992,17.164635,-8.780488,-20.792683
116,0.6477051,-0.13500977,0.39941406,-23.109756,-10,-16.158537
116,0.60791016,-0.34179688,0.4321289,-76.55488,3.2012196,-23.231709
116,0.6743164,-0.41259766,0.38012695,-77.10366,10.27439,-8.04878
116,0.6940918,-0.38745117,0.3425293,-50.70122,16.09756,-8.445122
116,0.7199707,-0.43310547,0.3425293,-10.54878,5.0609756,-9.939025
116,0.75390625,-0.42358398,0.36694336,11.219513,-3.3841465,-12.408537
116,0.8129883,-0.3779297,0.40722656,5.121951,-5.5487804,-9.115854
116,0.98217773,-0.43164063,0.35546875,-15.304878,-10.365854,-8.353659
116,1.3085938,-0.50341797,0.34423828,-4.7865853,-7.1951222,-4.1463413
116,1.5683594,-0.5349121,0.39160156,11.219513,-13.75,-8.902439
116,1.0258789,-0.37280273,0.35498047,10.213415,-23.018293,17.073172
116,0.89453125,-0.24121094,0.3972168,16.493902,-24.32927,60.57927
116,1.0512695,-0.21264648,0.3635254,62.53049,-32.378048,72.439026
116,0.9387207,-0.26098633,0.3022461,122.80488,-21.09756,59.08537
116,0.842041,-0.10083008,0.25317383,130.2744,-18.47561,50.457317
116,0.81347656,-0.122802734,0.21264648,69.664635,-1.3109757,16.12805
116,0.6184082,-0.048095703,0.35180664,-36.768295,37.10366,32.5
116,0.6645508,-0.060546875,0.25341797,-74.60366,-1.1890244,39.786587
116,0.6960449,-0.3671875,0.19506836,-28.414635,16.615854,30.274391
116,0.7751465,-0.2409668,0.1694336,-11.52439,24.29878,-7.865854
117,0.80615234,-0.35913086,0.13330078,-14.817074,20.70122,-20.884148
117,0.8588867,-0.38745117,0.15771484,-9.969512,18.536587,-36.493904
117,1.1469727,-0.31811523,0.27197266,10.030488,22.469513,-60
117,1.1489258,-0.27026367,0.29711914,4.2073174,22.042683,-52.80488
117,1.09375,-0.23754883,0.28295898,-21.158537,15.243903,-42.865856
117,1.4907227,-0.29003906,0.3647461,-35.670734,11.859756,-41.859756
117,1.2373047,-0.3581543,0.4423828,-46.189026,-10.823171,-42.073174
117,0.79003906,-0.41235352,0.45141602,-46.12805,-23.963415,-24.420732
117,0.63549805,-0.40600586,0.44335938,8.871951,-23.993902,10.304878
117,0.8117676,-0.3330078,0.41259766,57.743904,-21.646341,27.469513
117,0.94091797,-0.19995117,0.34838867,80.060974,-8.780488,50.121952
117,0.9223633,-0.060546875,0.3557129,56.12805,0,57.439026
117,0.7583008,-0.031982422,0.3996582,7.3475614,7.164634,53.414635
117,0.5966797,-0.1262207,0.43823242,-49.664635,19.969513,45.640244
117,0.6164551,-0.3310547,0.35302734,-91.40244,23.658537,33.689026
117,0.67456055,-0.4074707,0.31445313,-53.536587,19.969513,19.481709
117,0.6633301,-0.45947266,0.33398438,-7.012195,6.432927,-0.33536586
117,0.64501953,-0.5202637,0.35083008,42.2561,-19.207317,-7.7134147
117,0.65478516,-0.5163574,0.34594727,55.365856,-12.652439,-9.481708
117,0.7038574,-0.51538086,0.35351563,66.34146,-17.65244,-10.762196
117,0.8654785,-0.5061035,0.32983398,83.14024,-24.207317,-13.841464
117,0.98828125,-0.51782227,0.3256836,80.36585,-24.481709,-11.219513
117,1.2434082,-0.54467773,0.36938477,71.189026,-27.073172,-15.762196
117,1.114502,-0.48291016,0.421875,47.957317,-35.213417,-18.47561
117,0.8405762,-0.44384766,0.34643555,38.140244,-36.615856,6.6768293
117,0.7126465,-0.4194336,0.27001953,68.506096,-22.713415,35.457317
117,0.97314453,-0.41186523,0.23364258,110.21342,-19.420732,38.44512
117,1.0354004,-0.44140625,0.21801758,122.56098,-20.640244,32.957317
117,1.0625,-0.3696289,0.19555664,118.93293,-18.20122,26.006098
117,0.8498535,-0.24047852,0.1508789,87.164635,-2.3475611,40.182926
117,0.8557129,-0.19604492,0.14160156,71.768295,0.51829267,43.780487
118,0.90527344,-0.22558594,0.13500977,53.78049,-1.6768293,45.823174
118,0.89868164,-0.29736328,0.12133789,38.567074,1.2804878,44.786587
118,0.94921875,-0.3227539,0.099609375,38.75,6.3414636,47.286587
118,1.0366211,-0.30810547,0.07885742,46.890244,13.079268,50.70122
118,1.0925293,-0.2097168,0.052978516,42.5,11.981708,45.030487
118,1.1103516,-0.22436523,0.111572266,17.530489,-2.0731707,36.0061
118,0.7832031,-0.24804688,0.14379883,-3.2317073,-26.158537,32.5
118,0.65063477,-0.31152344,0.18408203,8.963415,-51.25,30.884148
118,0.93188477,-0.46728516,0.21362305,56.98171,-68.84147,22.408537
118,1.0734863,-0.49389648,0.22070313,125.57927,-74.90854,22.865854
118,1.0717773,-0.4555664,0.19165039,195.88416,-83.07927,27.957317
118,1.0012207,-0.32177734,0.17919922,223.35367,-82.65244,37.042683
118,0.9213867,-0.18945313,0.20751953,219.05489,-79.96951,44.146343
118,0.83496094,-0.10131836,0.2607422,162.53049,-72.04269,48.048782
118,0.810791,-0.18969727,0.25195313,122.80488,-66.64634,45.335365
118,0.7910156,-0.26220703,0.19702148,133.10976,-61.463417,47.2561
118,0.8808594,-0.26538086,0.1784668,157.53049,-54.359756,40.914635
118,1.0041504,-0.3005371,0.17797852,158.99391,-51.341465,34.207317
118,1.0695801,-0.3154297,0.16870117,160.67073,-45.213417,22.560976
118,0.99975586,-0.31445313,0.12451172,154.39024,-40.182926,9.664635
118,1.0664063,-0.33081055,0.10473633,154.20732,-30.640245,3.1097562
118,1.1086426,-0.33642578,0.07714844,157.89635,-23.018293,-1.2195122
118,1.013916,-0.28076172,0.002441406,149.69513,-4.268293,4.2987804
118,1.0214844,-0.23217773,-0.04321289,137.31708,8.323171,10.182927
118,1.0192871,-0.2006836,-0.05859375,119.268295,12.652439,14.237805
118,0.9658203,-0.20483398,-0.003173828,86.03659,10.182927,20.091463
118,0.98706055,-0.23217773,0.028808594,62.164635,4.390244,22.591463
118,0.99243164,-0.28320313,0.016357422,41.0061,-5.030488,22.164635
118,0.97924805,-0.31201172,0.002441406,19.024391,-17.560976,16.280489
118,0.94189453,-0.34423828,-0.009277344,16.189024,-25.030489,14.329268
118,0.94433594,-0.3852539,-0.002929688,40.365856,-31.006098,13.506098
119,1.0214844,-0.328125,0.028076172,87.95732,-32.77439,22.439026
119,1.0544434,-0.25341797,0.06982422,99.69512,-33.414635,31.890245
119,1.0839844,-0.22143555,0.12109375,97.621956,-34.298782,43.932926
119,1.067627,-0.13793945,0.20996094,81.85976,-25.914635,53.170734
119,1.0229492,-0.05029297,0.28271484,51.98171,-17.65244,53.262196
119,1.0878906,-0.030761719,0.32543945,18.932928,-5.7012196,45.091465
119,1.3244629,-0.078125,0.28515625,-15.304878,10.304878,29.29878
119,1.2016602,-0.17749023,0.3232422,-27.774391,-0.18292683,19.268293
119,1.0629883,-0.19726563,0.37695313,-9.664635,-0.6402439,6.402439
119,0.8183594,-0.13891602,0.40429688,31.646341,-5.914634,6.9817076
119,0.83081055,-0.06982422,0.37060547,40.396343,1.4939024,8.871951
119,0.94799805,-0.064208984,0.33251953,42.621952,8.689025,11.341464
119,0.93237305,0.020996094,0.31274414,39.237804,16.036585,7.4390244
119,0.7687988,0.033203125,0.32080078,4.2987804,14.939025,5.8536587
119,0.6977539,-0.025878906,0.30541992,-30.060976,18.75,0.24390244
119,0.6933594,-0.1352539,0.2944336,-19.84756,21.554878,-4.847561
119,0.75878906,-0.15795898,0.31225586,-3.2012196,18.292683,-13.04878
119,0.8125,-0.19091797,0.3413086,-0.6707317,14.02439,-18.689024
119,0.8820801,-0.26098633,0.36206055,5.0609756,11.006098,-27.5
119,0.84228516,-0.24291992,0.36108398,12.012196,11.25,-28.841465
119,0.77856445,-0.23095703,0.3623047,8.628049,1.25,-28.780489
119,0.74853516,-0.28320313,0.40820313,-0.030487806,-8.292683,-37.530487
119,0.8444824,-0.3618164,0.4506836,2.5914636,-14.512196,-37.80488
119,0.9880371,-0.38891602,0.45166016,5.7012196,-9.72561,-28.567074
119,1.5388184,-0.4091797,0.48364258,-15.213415,-9.02439,-34.207317
119,1.263916,-0.34228516,0.50341797,-11.8902445,-17.774391,-20.243902
119,0.8288574,-0.26416016,0.36987305,-3.4756098,-3.3841465,28.384148
119,0.96240234,-0.20092773,0.28637695,9.29878,30.762196,35.243904
119,0.98876953,-0.1977539,0.3269043,15.060976,1.7378049,61.615856
119,0.85009766,-0.22167969,0.26904297,8.780488,0.12195122,73.29269
120,0.92700195,-0.27148438,0.4645996,107.347565,-28.75,-23.780489
120,0.9477539,-0.122558594,0.52319336,78.93293,-24.054878,5.7012196
120,0.8117676,-0.084228516,0.5629883,30.091465,-24.32927,21.432928
120,0.80322266,-0.17163086,0.61083984,-26.25,-11.79878,29.146341
120,0.7607422,-0.2446289,0.53027344,-64.14634,-2.3170733,30.304878
120,0.73950195,-0.43554688,0.46533203,-47.012196,-10.945122,25.945122
120,0.78759766,-0.40722656,0.4189453,-30.304878,10.792684,13.597561
120,0.8383789,-0.46289063,0.3791504,-0.36585367,3.932927,13.810976
120,0.8859863,-0.40039063,0.37353516,30.335367,4.1768293,7.042683
120,1.1181641,-0.3713379,0.37524414,30.243904,10.609756,-7.3170733
120,1.2666016,-0.4645996,0.39013672,17.439024,8.079268,-25.762196
120,1.2783203,-0.5437012,0.36376953,13.567074,13.20122,-20.884148
120,1.1403809,-0.43041992,0.2446289,24.969513,22.134148,37.2561
120,1.3283691,-0.2631836,-0.04638672,143.35367,15.6707325,190.88416
120,0.51904297,0.15136719,0.25634766,239.84756,5.7012196,30.762196
120,1.3269043,-0.2746582,0.20922852,11.341464,25.853659,45.182926
120,1.1433105,-0.20922852,0.34033203,-98.47561,88.47561,76.70732
120,0.76660156,-0.095458984,0.16186523,-146.28049,12.286586,102.743904
120,0.65356445,-0.4206543,0.03930664,-133.56708,-4.756098,122.621956
120,0.66430664,-0.43676758,0.055908203,-53.993904,-18.932928,80.914635
120,0.701416,-0.46264648,0.08569336,14.664635,-27.317074,57.469513
120,0.75439453,-0.4260254,0.11010742,64.78659,-16.79878,35.457317
120,0.779541,-0.36157227,0.14990234,72.04269,-9.237805,16.585365
120,0.87109375,-0.3112793,0.18896484,71.25,-4.72561,-0.15243903
120,1.1191406,-0.2487793,0.2644043,53.323174,11.341464,-19.87805
120,1.1953125,-0.2397461,0.34960938,30.121952,12.713415,-34.420734
120,1.1940918,-0.2368164,0.38891602,13.109756,7.5914636,-43.23171
120,1.4018555,-0.22460938,0.38598633,-16.219513,17.134148,-75.82317
120,1.1833496,-0.2861328,0.45092773,-48.841465,-6.0670733,-109.451225
120,0.8959961,-0.38305664,0.51123047,-68.10976,-17.37805,-125.03049
121,0.67407227,-0.42578125,0.5070801,-45.914635,-10.213415,-106.40244
121,0.72875977,-0.38745117,0.45141602,5.8231707,-7.4695125,-89.90854
121,0.78393555,-0.27416992,0.33496094,41.189026,-1.0060976,-66.34146
121,0.83740234,-0.13916016,0.23339844,45.457317,6.5853662,-39.7561
121,0.79663086,-0.08691406,0.24267578,28.719513,8.1402445,-35.121952
121,0.7194824,-0.10473633,0.28100586,-10.396341,5.6097565,-32.92683
121,0.73461914,-0.18579102,0.26513672,-77.68293,18.658537,-36.67683
121,0.7714844,-0.2746582,0.25585938,-99.268295,27.5,-30.42683
121,0.8076172,-0.33129883,0.2783203,-96.43293,26.189026,-23.47561
121,0.7692871,-0.3618164,0.3491211,-79.57317,19.72561,-19.817074
121,0.7282715,-0.4020996,0.42895508,-52.896343,11.310976,-17.408537
121,0.70947266,-0.43286133,0.5004883,-22.37805,7.1036587,-21.432928
121,0.7897949,-0.4321289,0.5161133,9.054878,2.7439024,-29.939026
121,0.96972656,-0.43310547,0.53222656,23.07927,1.0670732,-39.420734
121,1.2548828,-0.4140625,0.5476074,16.890244,4.6951222,-43.536587
121,1.4050293,-0.4387207,0.56884766,1.9207318,2.8048782,-35.15244
121,0.9628906,-0.37841797,0.47973633,-11.554878,0.09146342,-7.3475614
121,0.61816406,-0.32739258,0.38061523,-7.77439,6.0365853,38.5061
121,0.93530273,-0.38134766,0.31030273,44.573174,2.835366,84.48171
121,1.0415039,-0.38598633,0.28833008,85.335365,-1.7987806,103.96342
121,1.0498047,-0.33203125,0.26660156,104.87805,-1.2804878,115.48781
121,1.0117188,-0.15356445,0.23999023,85.48781,7.3475614,126.64635
121,0.8703613,-0.11743164,0.22192383,49.512196,5.792683,143.68903
121,0.8183594,-0.14086914,0.21044922,14.817074,-0.24390244,133.5061
121,0.77612305,-0.23632813,0.21118164,-12.743903,-5.8231707,116.12805
121,0.7636719,-0.29638672,0.21533203,-18.47561,-7.7134147,98.414635
121,0.7890625,-0.31030273,0.22680664,-14.969513,-5.4573174,79.664635
121,0.86328125,-0.30615234,0.23364258,-4.359756,-3.932927,52.40854
121,1.0234375,-0.328125,0.29223633,7.652439,-2.2560976,27.65244
121,1.1386719,-0.27661133,0.35351563,17.22561,3.0792685,-1.5853659
122,1.0720215,-0.15063477,0.41210938,0.36585367,-4.02439,-41.493904
122,1.3427734,-0.19262695,0.47338867,-13.47561,-4.268293,-80.914635
122,1.2714844,-0.26171875,0.5695801,-18.62805,-19.695122,-122.53049
122,0.79541016,-0.29492188,0.62475586,-33.841465,-45.975613,-135.57927
122,0.68774414,-0.3623047,0.5983887,-16.006098,-33.140244,-121.61586
122,0.8413086,-0.27612305,0.50634766,30.335367,-22.042683,-101.31098
122,0.8718262,-0.056640625,0.32055664,37.286587,-5.640244,-59.817074
122,0.84399414,0.002441406,0.23950195,16.432928,3.9939024,-51.52439
122,0.7624512,-0.010009766,0.26416016,-9.878049,10.060976,-49.45122
122,0.71533203,-0.13500977,0.28710938,-69.268295,14.481708,-49.664635
122,0.77685547,-0.26538086,0.22924805,-114.268295,28.384148,-54.512196
122,0.79248047,-0.38623047,0.23632813,-109.54269,35.457317,-38.567074
122,0.8076172,-0.4169922,0.29711914,-84.32927,27.987806,-38.780487
122,0.76416016,-0.4892578,0.38378906,-53.384148,16.981709,-40.335365
122,0.72509766,-0.5288086,0.4716797,-14.603659,9.420732,-44.60366
122,0.7817383,-0.46655273,0.47729492,8.018292,4.4817076,-60.94512
122,0.97314453,-0.46118164,0.4638672,-0.8231708,4.847561,-69.05488
122,1.4311523,-0.5830078,0.45996094,-2.682927,6.3719516,-59.969513
122,1.3305664,-0.59106445,0.48364258,21.524391,-9.45122,-15.609756
122,0.77563477,-0.37890625,0.45922852,27.713415,-6.4634147,44.786587
122,0.78100586,-0.27978516,0.4074707,42.682926,-5.762195,101.15854
122,1.0461426,-0.3461914,0.32910156,63.384148,-4.4512196,126.21951
122,1.0324707,-0.37451172,0.27001953,67.31708,-0.85365856,139.42073
122,1.0734863,-0.37353516,0.22875977,75.09147,-2.1646342,144.0244
122,0.9797363,-0.24853516,0.24975586,105.701225,-6.0670733,142.7744
122,0.9226074,-0.17089844,0.26123047,84.756096,-2.7134147,150.7927
122,0.85131836,-0.13574219,0.23754883,57.042683,3.932927,144.17683
122,0.8173828,-0.18774414,0.22583008,9.939025,0.030487806,123.65854
122,0.8474121,-0.26538086,0.2529297,-7.3475614,1.890244,105.67073
122,0.8803711,-0.25878906,0.26220703,-4.085366,9.420732,84.29878
122,1.0771484,-0.2109375,0.3371582,5.0609756,18.658537,47.19512
123,1.1435547,-0.10888672,0.3798828,2.3170733,29.939026,18.170732
123,0.986084,0.014892578,0.4050293,-22.713415,27.92683,-3.3536587
123,1.2902832,-0.08935547,0.42285156,-65.85366,29.237806,-51.310978
123,1.2026367,-0.26831055,0.47021484,-73.62805,12.713415,-101.46342
123,0.89453125,-0.34204102,0.513916,-72.22561,-10.487805,-130.5183
123,0.7302246,-0.35791016,0.51342773,-53.414635,2.042683,-139.23781
123,0.8347168,-0.39233398,0.48535156,-1.7378049,-4.4817076,-136.12805
123,0.92285156,-0.3190918,0.4165039,40.73171,-2.4085367,-131.89024
123,0.8564453,-0.16967773,0.29589844,36.52439,-2.5609756,-118.5061
123,0.75268555,-0.11767578,0.26245117,6.7073174,3.2926831,-114.451225
123,0.67578125,-0.114990234,0.25146484,-46.52439,8.932927,-114.5122
123,0.8029785,-0.2668457,0.21484375,-113.689026,23.170732,-106.21951
123,0.8696289,-0.38842773,0.20800781,-113.07927,27.621952,-94.847565
123,0.9309082,-0.48461914,0.30078125,-91.89024,19.237804,-87.31708
123,0.8132324,-0.5202637,0.42797852,-81.89024,12.530488,-76.371956
123,0.78930664,-0.59521484,0.43066406,-82.0122,9.359756,-71.64634
123,0.88623047,-0.7199707,0.44067383,-54.573174,0.42682928,-73.597565
123,1.0761719,-0.7553711,0.43041992,17.621952,-3.7195122,-39.664635
123,1.484375,-0.7441406,0.4699707,72.10366,-17.134148,-0.27439025
123,1.2861328,-0.45141602,0.5517578,80.88415,-24.634148,31.158537
123,0.67041016,-0.21411133,0.50634766,39.48171,-10.54878,97.98781
123,0.9091797,-0.3100586,0.44360352,16.524391,-4.908537,127.40854
123,0.98291016,-0.43041992,0.34277344,27.896341,-2.682927,138.0183
123,1.0532227,-0.46875,0.2319336,74.23781,-14.847561,139.17683
123,1.1647949,-0.42041016,0.23486328,120.914635,-12.073171,143.59756
123,1.0788574,-0.2607422,0.2734375,154.29878,-7.682927,155.33537
123,0.93310547,-0.057861328,0.23413086,100.85366,12.652439,159.45122
123,0.92407227,-0.103271484,0.25634766,42.530487,8.658537,154.42073
123,0.9785156,-0.17163086,0.24047852,-0.51829267,11.493903,140.12195
123,0.9042969,-0.21386719,0.24414063,-33.20122,9.664635,127.10366
123,0.9489746,-0.25854492,0.26879883,-35.82317,5.7012196,117.439026
124,1.0541992,-0.2253418,0.3359375,-16.12805,10.914635,93.65854
124,0.9736328,-0.05053711,0.37280273,-3.7195122,14.02439,45.335365
124,0.84887695,0.005126953,0.41601563,-24.84756,9.3902445,9.268293
124,1.0422363,-0.114990234,0.4345703,-46.98171,14.878049,-45.914635
124,1.1196289,-0.4243164,0.4807129,-46.859756,2.835366,-124.81708
124,0.8376465,-0.4345703,0.5654297,-30.365854,-18.62805,-164.45122
124,0.71484375,-0.40161133,0.58569336,-11.310976,-19.512196,-176.70732
124,0.8293457,-0.3046875,0.51171875,33.23171,-21.920732,-171.95122
124,0.9655762,-0.21386719,0.4255371,52.073174,-19.268293,-162.95732
124,1.0219727,-0.16625977,0.33203125,40.213417,-8.445122,-142.46951
124,0.85961914,-0.091552734,0.25634766,-9.908537,2.2560976,-117.46951
124,0.75341797,-0.10473633,0.25634766,-70.64024,6.5853662,-108.2622
124,0.8129883,-0.28637695,0.2590332,-120.57927,11.036586,-89.664635
124,0.89086914,-0.42456055,0.29248047,-103.81098,16.859756,-65.79269
124,0.90234375,-0.421875,0.32080078,-85.64024,13.536586,-58.140244
124,0.84716797,-0.49072266,0.34643555,-72.59147,8.262196,-51.920734
124,0.85058594,-0.5654297,0.39111328,-30.731709,0.5487805,-53.65854
124,0.86621094,-0.54833984,0.43920898,2.9268293,-7.652439,-60.640244
124,0.9580078,-0.5522461,0.45239258,20.396341,-7.560976,-51.15854
124,1.4572754,-0.5612793,0.49609375,49.085365,-14.176829,-26.12805
124,1.2966309,-0.38793945,0.51416016,36.920734,-19.634148,9.634147
124,0.7949219,-0.19824219,0.49609375,4.2987804,-7.530488,63.871952
124,0.904541,-0.25634766,0.40820313,0.85365856,-9.603659,115.97561
124,1.0026855,-0.3466797,0.37402344,29.695122,-8.323171,135.97562
124,1.0385742,-0.4013672,0.34375,63.414635,-7.987805,155.21342
124,1.1262207,-0.375,0.32910156,118.71951,-7.3170733,157.22562
124,1.0114746,-0.23071289,0.3251953,145.45732,-2.682927,169.72562
124,0.89501953,-0.06591797,0.24145508,145.60976,19.085367,156.12805
124,0.8269043,0.009521484,0.2980957,3.4756098,30.54878,137.86586
124,0.7973633,-0.1706543,0.22558594,-49.420734,23.90244,128.14024
124,0.7807617,-0.26635742,0.20629883,-48.719513,17.012196,88.32317
125,0.8659668,-0.328125,0.21679688,-44.390244,19.786587,54.84756
125,1.0036621,-0.39697266,0.25708008,-15.914635,21.432928,27.256098
125,1.1010742,-0.34448242,0.3227539,16.006098,28.871952,-2.6219513
125,0.9604492,-0.22045898,0.39575195,21.25,19.72561,-28.780489
125,1.1428223,-0.2241211,0.39282227,12.987805,16.981709,-52.10366
125,1.1540527,-0.2626953,0.46606445,-0.73170733,-1.5853659,-89.29878
125,0.7915039,-0.30981445,0.5534668,-22.621952,-37.34756,-118.07927
125,0.7011719,-0.32739258,0.55078125,-27.042683,-29.17683,-112.68293
125,0.77734375,-0.30273438,0.5095215,-8.506098,-20.609756,-105.82317
125,0.87158203,-0.22753906,0.41210938,17.591463,-19.32927,-98.5061
125,0.8745117,-0.20385742,0.36914063,25.274391,-14.542684,-95.15244
125,0.7858887,-0.1887207,0.35180664,20.518293,-11.646341,-85.121956
125,0.6550293,-0.19970703,0.35986328,-19.146341,-7.1036587,-77.46951
125,0.7043457,-0.3059082,0.34301758,-61.219513,3.140244,-81.371956
125,0.7565918,-0.36083984,0.30786133,-64.96951,10.121951,-71.493904
125,0.7626953,-0.37426758,0.31982422,-45,8.292683,-57.83537
125,0.79663086,-0.4165039,0.375,-26.737806,-0.8231708,-48.384148
125,0.8354492,-0.44335938,0.4580078,-8.902439,-5.4573174,-40.365856
125,0.9123535,-0.4572754,0.5427246,3.1707318,-7.5914636,-36.493904
125,0.96313477,-0.42993164,0.55615234,2.2865853,-4.1768293,-32.07317
125,1.1401367,-0.42260742,0.53125,-8.47561,0.4878049,-20.884148
125,1.5732422,-0.42700195,0.595459,3.0182927,-0.7621951,0.45731708
125,0.99560547,-0.27661133,0.5673828,-6.890244,-6.402439,27.37805
125,0.6218262,-0.3166504,0.4440918,-11.615854,-0.45731708,72.560974
125,0.98339844,-0.36401367,0.3623047,45.94512,0.79268295,110.36586
125,1.0458984,-0.35791016,0.3166504,92.95732,-5.365854,117.19512
125,1.1247559,-0.3154297,0.30249023,122.77439,-0.57926834,119.78659
125,1.0148926,-0.14648438,0.30126953,125.18293,11.036586,133.78049
125,0.8190918,-0.021728516,0.28759766,71.097565,24.268293,138.71951
125,0.7355957,-0.013183594,0.2788086,8.841464,20.57927,154.0244
126,0.74121094,-0.1796875,0.25024414,-32.987804,11.006098,125.701225
126,0.7663574,-0.25952148,0.22460938,-45.091465,12.103659,105.36586
126,0.77783203,-0.31982422,0.21777344,-42.286587,10.152439,82.621956
126,0.99560547,-0.40112305,0.2529297,-9.542684,10.670732,49.237804
126,1.1152344,-0.34692383,0.31298828,19.908537,23.384148,19.634148
126,0.9226074,-0.20507813,0.34838867,22.439026,21.310976,-3.2926831
126,1.020752,-0.17114258,0.375,-0.7621951,10.121951,-33.47561
126,1.2119141,-0.28198242,0.47851563,-14.3902445,-1.890244,-87.40854
126,1.0222168,-0.34301758,0.57543945,-31.981709,-27.530489,-133.38416
126,0.717041,-0.3173828,0.57421875,-62.2561,-19.87805,-140.94513
126,0.7470703,-0.2861328,0.546875,-62.37805,-10.97561,-128.78049
126,0.9016113,-0.26513672,0.5185547,-20.57927,-11.79878,-115.82317
126,0.9194336,-0.17456055,0.45996094,18.536587,-13.079268,-93.90244
126,0.86816406,-0.15917969,0.43676758,13.1402445,-8.841464,-83.810974
126,0.7595215,-0.16918945,0.43847656,-13.292684,-6.432927,-79.939026
126,0.6694336,-0.25976563,0.39233398,-73.71951,10.914635,-75.36585
126,0.69677734,-0.3166504,0.34716797,-90.335365,23.567074,-67.164635
126,0.7229004,-0.3486328,0.36791992,-70.426834,19.32927,-52.743904
126,0.717041,-0.4333496,0.4272461,-39.298782,16.707317,-45.121952
126,0.7573242,-0.44335938,0.45654297,-24.664635,15.335366,-43.719513
126,0.83935547,-0.44848633,0.46557617,-15.792684,11.52439,-43.536587
126,0.96899414,-0.43945313,0.47460938,-9.45122,6.25,-43.567074
126,1.1005859,-0.45458984,0.46289063,-8.018292,3.262195,-32.530487
126,1.3691406,-0.4921875,0.4819336,-2.4390244,-3.262195,-17.65244
126,1.0349121,-0.39672852,0.47827148,1.2195122,-13.932927,16.585365
126,0.7414551,-0.31762695,0.38452148,4.237805,-8.780488,57.83537
126,0.9406738,-0.30419922,0.33496094,26.12805,-8.292683,85.57927
126,1.0490723,-0.33618164,0.3005371,59.146343,-12.865854,104.14635
126,1.1508789,-0.32226563,0.31518555,81.70732,-8.628049,119.176834
126,1.0317383,-0.22973633,0.32861328,85.88415,-4.1768293,130.03049
126,0.84155273,-0.111328125,0.3022461,59.08537,-2.835366,147.7744
127,0.7807617,-0.091552734,0.30493164,17.256098,-0.6402439,155.91464
127,0.7607422,-0.1977539,0.2939453,1.3414634,-11.920732,143.78049
127,0.7138672,-0.2578125,0.26586914,-4.6951222,-11.829268,117.2561
127,0.7409668,-0.28125,0.26416016,-3.262195,-8.04878,90.48781
127,0.7973633,-0.31152344,0.2631836,2.682927,-2.8963416,65.18293
127,0.99316406,-0.31274414,0.30297852,18.292683,4.847561,21.707317
127,1.0612793,-0.25756836,0.34570313,21.79878,15.579268,-14.176829
127,1.0205078,-0.19555664,0.39160156,7.0731707,13.04878,-42.164635
127,1.2585449,-0.26123047,0.39672852,-13.20122,10.792684,-87.31708
127,1.0444336,-0.3022461,0.4873047,-26.189026,-15.945123,-130
127,0.7734375,-0.3540039,0.5576172,-38.170734,-35.091465,-136.89024
127,0.8112793,-0.34033203,0.5251465,-19.390244,-10.396341,-124.176834
127,1.0380859,-0.3022461,0.4958496,11.79878,-9.3902445,-116.0061
127,1.0288086,-0.21411133,0.42993164,17.103659,-13.841464,-98.81098
127,0.8955078,-0.15258789,0.3564453,4.9390244,-3.2012196,-69.72561
127,0.73950195,-0.119628906,0.37597656,-9.054878,0.36585367,-56.067074
127,0.6369629,-0.1508789,0.38134766,-47.012196,4.6951222,-51.310978
127,0.704834,-0.28051758,0.34399414,-92.46951,23.62805,-46.920734
127,0.73413086,-0.36083984,0.36450195,-86.43293,27.591465,-40.640244
127,0.7216797,-0.4169922,0.3955078,-63.93293,24.054878,-41.341465
127,0.6726074,-0.49121094,0.40942383,-35.57927,18.810976,-50.548782
127,0.7570801,-0.5253906,0.42016602,-14.573171,14.786586,-61.43293
127,0.8859863,-0.5085449,0.4338379,10.579268,9.786586,-69.756096
127,1.154541,-0.5202637,0.39916992,32.10366,5.0609756,-59.17683
127,1.5307617,-0.55566406,0.43725586,45.42683,-4.72561,-26.859756
127,1.2919922,-0.3635254,0.4658203,50.70122,-13.993903,12.743903
127,0.7573242,-0.1772461,0.41333008,24.664635,-5.792683,84.78659
127,0.95751953,-0.23242188,0.3527832,21.189024,-8.292683,111.92073
127,1.0476074,-0.3269043,0.34716797,31.615854,-6.615854,119.96951
127,1.0844727,-0.3935547,0.31420898,55,-5.121951,138.47562
127,1.052002,-0.32641602,0.2927246,80.88415,-6.4939027,148.93294
128,0.9448242,-0.19897461,0.2902832,83.84147,-5.335366,148.99391
128,0.82128906,-0.14086914,0.29907227,72.77439,-4.3292685,153.71951
128,0.7873535,-0.14746094,0.2866211,40.70122,2.4695122,138.96342
128,0.7819824,-0.1977539,0.26635742,8.597561,5.304878,123.32317
128,0.7805176,-0.24316406,0.25952148,-1.7378049,8.109756,87.65244
128,0.82006836,-0.25390625,0.26879883,1.3109757,13.04878,62.560978
128,0.9399414,-0.23876953,0.30908203,5.4268293,20.182928,36.615856
128,1.0510254,-0.15136719,0.37182617,2.042683,28.62805,-2.957317
128,0.9265137,-0.06665039,0.41748047,-22.713415,21.920732,-27.012196
128,1.1577148,-0.1262207,0.40405273,-56.40244,23.810976,-58.018295
128,1.2001953,-0.2932129,0.45922852,-70.79269,5.670732,-110.73171
128,0.89208984,-0.35375977,0.5493164,-68.32317,-18.384148,-134.11586
128,0.75390625,-0.37329102,0.53344727,-58.048782,-1.9207318,-139.57318
128,0.85375977,-0.33398438,0.47631836,-28.445122,0.70121956,-130.70122
128,0.9157715,-0.26708984,0.4099121,-3.780488,2.012195,-130.97562
128,0.9248047,-0.18676758,0.31762695,-2.378049,7.6219516,-120.701225
128,0.80322266,-0.16674805,0.2548828,-26.67683,10.762196,-107.10366
128,0.77124023,-0.20239258,0.27319336,-56.52439,9.817074,-103.597565
128,0.81811523,-0.3022461,0.24658203,-93.2622,17.560976,-93.993904
128,0.8395996,-0.4140625,0.22680664,-89.05488,22.042683,-78.07927
128,0.8359375,-0.48046875,0.29833984,-58.689026,15.54878,-71.95122
128,0.78759766,-0.5061035,0.3852539,-31.432928,7.164634,-66.79878
128,0.8129883,-0.5510254,0.44458008,-20,5.7317076,-70.21342
128,0.8859863,-0.6142578,0.43310547,-13.567074,1.8292683,-73.018295
128,0.96191406,-0.63793945,0.43188477,5.2439027,-1.25,-59.359756
128,1.4343262,-0.6496582,0.44702148,39.05488,-6.52439,-17.37805
128,1.3571777,-0.44726563,0.5046387,50.57927,-16.67683,24.481709
128,0.8972168,-0.2697754,0.53466797,34.237804,-9.573171,80.18293
128,0.99902344,-0.3347168,0.4794922,18.20122,-2.0731707,123.78049
128,1.0393066,-0.42919922,0.41845703,35.213417,-3.8414636,140.88416
129,1.1015625,-0.45458984,0.3322754,65.97561,-6.0365853,158.10976
129,1.1779785,-0.34692383,0.2775879,115.94512,-4.7865853,165.45732
129,1.0964355,-0.21606445,0.26586914,134.11586,-2.2256098,167.59146
129,0.9206543,-0.11035156,0.2692871,116.585365,9.542684,161.73781
129,0.79589844,-0.05493164,0.2529297,39.786587,20.518293,158.10976
129,0.8239746,-0.18579102,0.2368164,-4.908537,20.365854,137.83537
129,0.8239746,-0.23217773,0.2097168,-19.84756,21.707317,116.06708
129,0.767334,-0.2553711,0.22216797,-26.158537,16.40244,90.94512
129,0.8918457,-0.3071289,0.24902344,-15.335366,16.79878,64.90854
129,1.0200195,-0.30297852,0.31640625,3.1097562,19.72561,32.469513
129,0.8876953,-0.24975586,0.41992188,5.152439,10.670732,3.0182927
129,1.0041504,-0.24389648,0.42529297,1.890244,6.128049,-23.109756
129,1.0893555,-0.2590332,0.4716797,1.9817073,-4.878049,-68.47561
129,0.77246094,-0.26098633,0.5800781,-16.25,-38.140244,-112.621956
129,0.6645508,-0.29418945,0.5720215,-29.115854,-31.189026,-125.701225
129,0.8076172,-0.31884766,0.5480957,-22.713415,-24.573172,-135.21342
129,0.9909668,-0.25683594,0.5187988,2.378049,-25.640245,-143.10976
129,1.0080566,-0.21313477,0.48291016,4.5731707,-21.82927,-142.92683
129,0.9082031,-0.19799805,0.4326172,-11.737805,-12.835366,-129.66464
129,0.7248535,-0.18383789,0.39233398,-50.609756,-1.5853659,-117.71342
129,0.736084,-0.24536133,0.36450195,-85.97561,7.682927,-111.189026
129,0.80078125,-0.35791016,0.3154297,-101.64635,17.591463,-97.743904
129,0.829834,-0.43676758,0.33496094,-69.48171,19.908537,-73.96342
129,0.83447266,-0.45166016,0.3779297,-37.40854,14.359756,-62.743904
129,0.82666016,-0.47680664,0.40698242,-22.65244,9.115854,-57.957317
129,0.8659668,-0.51000977,0.4440918,-11.79878,3.5670733,-61.0061
129,0.9082031,-0.5234375,0.44970703,-10.884147,1.7682927,-56.859756
129,1.041748,-0.5415039,0.43701172,-8.109756,0.57926834,-41.371952
129,1.4018555,-0.59106445,0.47729492,13.353659,-7.7439027,-1.6158537
129,1.0441895,-0.4025879,0.5061035,11.067074,-13.506098,29.085367
129,0.7036133,-0.32958984,0.4465332,6.0670733,-9.939025,75.060974
130,0.982666,-0.4272461,0.4182129,37.317074,-8.902439,111.676834
130,1.0388184,-0.43896484,0.37695313,74.72561,-10.121951,122.621956
130,1.1306152,-0.42089844,0.33398438,102.89635,-8.902439,137.31708
130,1.095459,-0.23901367,0.3178711,123.65854,-4.4817076,148.62805
130,0.9526367,-0.13330078,0.29541016,114.42074,-1.7378049,160.21342
130,0.8203125,-0.07861328,0.2919922,75.243904,9.573171,146.73781
130,0.82006836,-0.2006836,0.27172852,9.756098,12.560976,139.87805
130,0.85375977,-0.27294922,0.2685547,1.890244,16.067074,122.10366
130,0.87646484,-0.25683594,0.25024414,2.4695122,20.640244,106.951225
130,0.9641113,-0.2397461,0.2614746,-2.652439,23.810976,86.28049
130,1.0952148,-0.19873047,0.29370117,-1.6463416,28.018293,58.567074
130,0.9926758,-0.076416016,0.32299805,-16.920732,27.073172,29.085367
130,0.8232422,-0.08959961,0.40356445,-53.109756,12.835366,1.3109757
130,1.098877,-0.1977539,0.40649414,-59.573174,16.09756,-43.536587
130,1.0683594,-0.34423828,0.47924805,-53.59756,-4.2987804,-89.32927
130,0.7475586,-0.4013672,0.5637207,-33.384148,-25.97561,-125.243904
130,0.7470703,-0.32348633,0.5358887,-12.926829,-12.957317,-133.44513
130,0.9291992,-0.2697754,0.51000977,13.231708,-18.04878,-136.85976
130,1.0273438,-0.21044922,0.49853516,31.432928,-26.646341,-132.65244
130,1.0117188,-0.16772461,0.44384766,8.963415,-15.518293,-122.95732
130,0.8791504,-0.16455078,0.38842773,-20.121952,-8.506098,-115.335365
130,0.70214844,-0.18920898,0.36206055,-71.768295,0.6402439,-108.71951
130,0.7753906,-0.2927246,0.3095703,-109.78659,13.780488,-103.201225
130,0.8876953,-0.38989258,0.328125,-98.5061,22.865854,-90.57927
130,0.92626953,-0.4038086,0.39526367,-56.25,23.932928,-77.835365
130,0.78466797,-0.40649414,0.3972168,-53.993904,18.292683,-70.914635
130,0.7819824,-0.4465332,0.41748047,-51.890244,19.817074,-71.676834
130,0.8835449,-0.513916,0.44970703,-40.060978,10.609756,-84.11585
130,0.9953613,-0.625,0.4333496,-27.317074,8.597561,-80.060974
130,1.302002,-0.7519531,0.4362793,-1.5243902,5.0609756,-59.390244
131,1.1945801,-0.63671875,0.3984375,36.585365,-10.70122,5.640244
131,0.8894043,-0.31933594,0.42626953,42.439026,-9.268293,60.243904
131,0.8791504,-0.26904297,0.4584961,47.10366,-15.213415,107.07317
131,1.0026855,-0.38061523,0.43652344,64.54269,-4.2987804,140.57927
131,1.0283203,-0.40527344,0.3647461,67.89634,0.24390244,158.38416
131,1.0737305,-0.38256836,0.2998047,77.164635,1.2804878,172.22562
131,1.0400391,-0.22363281,0.26220703,106.52439,-2.2865853,172.16464
131,1.0249023,-0.1665039,0.29785156,100.30488,6.1890244,166.9817
131,0.9831543,-0.13500977,0.3059082,71.493904,16.12805,159.7561
131,0.87524414,-0.16821289,0.22924805,11.006098,19.939024,151.06708
131,0.8815918,-0.20361328,0.20703125,-11.615854,18.018293,133.99391
131,0.89086914,-0.20336914,0.22558594,-12.22561,16.341463,110.18293
131,0.8955078,-0.16845703,0.27124023,-14.786586,17.439024,71.28049
131,0.9682617,-0.19091797,0.31420898,-21.981709,18.75,34.7561
131,0.88793945,-0.18310547,0.36450195,-27.92683,15.121952,5.2134147
131,0.9526367,-0.16845703,0.4140625,-28.719513,11.219513,-31.79878
131,1.1977539,-0.2607422,0.4428711,-21.40244,12.896341,-77.28659
131,0.9562988,-0.28588867,0.5275879,-16.82927,-15.70122,-114.23781
131,0.7324219,-0.28320313,0.5332031,-24.756098,-21.79878,-136.55489
131,0.8430176,-0.27416992,0.5354004,-25.731709,-14.542684,-151.46342
131,0.9980469,-0.29541016,0.53344727,-6.52439,-27.682928,-152.22562
131,1.0332031,-0.28710938,0.4819336,9.115854,-22.743902,-154.29878
131,0.96850586,-0.27075195,0.40844727,-1.0060976,-10.365854,-141.46342
131,0.82128906,-0.2265625,0.3671875,-22.682928,-5.7317076,-129.81708
131,0.78808594,-0.28344727,0.31640625,-71.85976,8.506098,-117.164635
131,0.82714844,-0.3557129,0.3203125,-80.27439,14.02439,-103.018295
131,0.85058594,-0.42773438,0.37451172,-57.40854,17.286585,-83.871956
131,0.8449707,-0.42236328,0.43676758,-46.585365,14.695123,-61.890244
131,0.8208008,-0.45410156,0.44311523,-53.170734,14.207317,-49.725613
131,0.84765625,-0.5029297,0.4284668,-47.2561,14.72561,-44.512196
131,0.8652344,-0.57910156,0.40234375,-24.695122,8.841464,-33.841465
132,1.0371094,-0.5827637,0.39208984,-5.304878,6.432927,-20.091463
132,1.3117676,-0.609375,0.40307617,13.20122,-3.6890244,-0.06097561
132,1.182373,-0.5048828,0.45043945,35.27439,-14.542684,37.012196
132,0.8569336,-0.3359375,0.43554688,34.02439,-11.676829,75.243904
132,0.861084,-0.33740234,0.35791016,32.65244,-11.79878,107.95732
132,1.048584,-0.3635254,0.32080078,63.262196,-10.030488,133.75
132,1.0847168,-0.35302734,0.27929688,90.701225,-10.853659,149.90854
132,1.1550293,-0.31298828,0.25146484,116.21951,-8.689025,161.25
132,1.0334473,-0.17993164,0.28393555,135.03049,-9.634147,168.26219
132,0.9243164,-0.11376953,0.29077148,105.36586,4.054878,155.09146
132,0.8618164,-0.11206055,0.28930664,44.7561,14.3902445,162.40854
132,0.82299805,-0.24731445,0.2109375,2.9268293,-0.8231708,141.67683
132,0.83203125,-0.3010254,0.24365234,2.8658538,-4.7865853,118.96342
132,0.8703613,-0.3010254,0.25976563,18.262196,-1.0060976,99.42073
132,0.9663086,-0.21411133,0.32348633,37.469513,7.865854,62.19512
132,1.0759277,-0.16918945,0.35766602,32.19512,15.853659,27.408537
132,0.9121094,-0.05883789,0.39624023,-0.09146342,13.536586,-2.8048782
132,1.0871582,-0.099121094,0.39331055,-52.225613,13.04878,-45.57927
132,1.2092285,-0.26416016,0.42456055,-61.920734,4.9695125,-90.701225
132,0.9177246,-0.3359375,0.51123047,-51.0061,-27.103659,-124.69512
132,0.7319336,-0.34326172,0.5734863,-36.646343,-18.75,-131.40244
132,0.86743164,-0.28881836,0.5690918,-21.25,-5.030488,-128.62805
132,0.9333496,-0.21655273,0.5515137,-4.5731707,-9.45122,-137.74391
132,0.96655273,-0.16186523,0.47070313,-22.164635,-5.4573174,-137.68294
132,0.89746094,-0.16357422,0.39453125,-51.615856,10.579268,-133.04878
132,0.78759766,-0.19433594,0.35961914,-81.55488,16.67683,-126.12805
132,0.8039551,-0.3244629,0.30566406,-111.493904,31.12805,-114.87805
132,0.80566406,-0.36694336,0.27392578,-105.914635,37.621952,-92.89635
132,0.82836914,-0.41723633,0.28222656,-81.06708,34.268295,-74.05488
132,0.8317871,-0.45263672,0.37719727,-52.40854,23.109756,-60.42683
132,0.7429199,-0.5046387,0.41723633,-41.646343,15.914635,-60.33537
133,0.77490234,-0.59033203,0.40405273,-36.15854,13.109756,-68.29269
133,0.892334,-0.6533203,0.40820313,-14.085366,8.231708,-79.32927
133,1.0935059,-0.7836914,0.38671875,16.737804,0.7621951,-61.067074
133,1.4194336,-0.83032227,0.39086914,66.79878,-16.737804,-16.09756
133,1.0576172,-0.38256836,0.4506836,92.13415,-32.77439,47.012196
133,0.8227539,-0.17382813,0.4375,66.70732,-21.67683,102.13415
133,1.0444336,-0.18945313,0.37890625,42.042683,-11.158537,131.03659
133,1.0334473,-0.30908203,0.34545898,39.359756,-9.054878,141.82927
133,1.0925293,-0.40795898,0.31274414,49.32927,-9.146341,155.5183
133,1.1499023,-0.41845703,0.3227539,69.939026,-8.445122,176.31097
133,1.0385742,-0.2434082,0.37231445,118.75,-15.914635,198.38416
133,0.9667969,-0.08911133,0.3347168,82.04269,8.018292,184.57318
133,0.88305664,-0.11279297,0.30004883,42.65244,3.5975611,188.62805
133,0.8059082,-0.20678711,0.26245117,0.06097561,1.1890244,154.14635
133,0.842041,-0.24194336,0.2619629,-17.012196,5.121951,123.53659
133,0.82177734,-0.26879883,0.24511719,-22.439026,6.9512196,96.28049
133,0.9194336,-0.25732422,0.27661133,-14.969513,11.95122,51.0061
133,0.94506836,-0.2097168,0.31518555,-8.414635,16.920732,11.676829
133,0.83740234,-0.2055664,0.37329102,-12.195122,9.207317,-21.09756
133,1.0644531,-0.29541016,0.4020996,-18.231709,6.4634147,-78.414635
133,1.0524902,-0.3869629,0.49194336,-9.237805,-13.323171,-131.18903
133,0.88061523,-0.41137695,0.6032715,3.7195122,-32.865856,-164.96951
133,0.79663086,-0.33007813,0.62158203,13.445123,-24.84756,-175.85367
133,0.94921875,-0.22802734,0.5541992,9.847561,-17.835367,-165.36586
133,1.0297852,-0.1262207,0.48217773,-0.09146342,-13.841464,-153.62805
133,1.027832,-0.10205078,0.36914063,-18.353659,-4.268293,-128.68903
133,0.9069824,-0.1352539,0.3569336,-31.067074,1.7073171,-114.664635
133,0.78027344,-0.20263672,0.35546875,-68.35366,4.420732,-107.07317
133,0.7824707,-0.40161133,0.30078125,-115.121956,21.006098,-91.46342
133,0.82592773,-0.4501953,0.2998047,-96.43293,28.506098,-72.59147
133,0.8359375,-0.46142578,0.3305664,-61.768295,25.457317,-58.23171
134,0.8039551,-0.49023438,0.37451172,-31.341465,14.329268,-55.975613
134,0.79418945,-0.5007324,0.4025879,-19.45122,9.786586,-59.207317
134,0.84228516,-0.517334,0.4099121,-12.073171,8.04878,-56.82927
134,0.9074707,-0.5410156,0.38549805,2.3475611,-0.88414633,-35
134,1.1435547,-0.54345703,0.35668945,14.573171,-5.396342,-5.518293
134,1.4375,-0.49389648,0.37963867,33.47561,-17.957317,23.932928
134,1.0708008,-0.35083008,0.4345703,29.115854,-25.70122,65.85366
134,0.7939453,-0.33544922,0.38964844,22.469513,-26.006098,100.73171
134,0.9711914,-0.36035156,0.3791504,36.371952,-23.658537,122.743904
134,1.0471191,-0.37817383,0.3461914,77.86585,-23.689026,143.29268
134,1.1337891,-0.36108398,0.30078125,124.02439,-23.841463,167.10367
134,1.1674805,-0.20141602,0.2878418,179.63416,-31.310976,184.60367
134,0.9897461,-0.19091797,0.3137207,231.21951,-0.7621951,180.97562
134,0.96655273,0.16772461,0.37817383,92.5,29.268293,124.847565
134,0.74072266,-0.03955078,0.30297852,-38.414635,29.024391,168.93294
134,0.78100586,-0.21313477,0.23999023,-55.640244,5.2134147,106.03659
134,0.74975586,-0.24707031,0.234375,-48.44512,8.902439,75.426834
134,0.73535156,-0.3425293,0.19580078,-43.414635,3.780488,55.609756
134,0.8996582,-0.38110352,0.23999023,-5.7012196,12.530488,19.84756
134,1.0224609,-0.3071289,0.2998047,31.768293,22.713415,-16.859756
134,0.9277344,-0.21118164,0.3461914,33.75,25.335367,-46.646343
134,1.142334,-0.20166016,0.36376953,-5.9451222,21.82927,-83.29269
134,1.1821289,-0.25146484,0.41918945,-34.84756,6.615854,-133.41464
134,0.9453125,-0.3017578,0.4807129,-70.48781,-21.158537,-165.09146
134,0.7480469,-0.3540039,0.5085449,-96.585365,-12.530488,-167.95732
134,0.8540039,-0.4020996,0.5107422,-65.060974,-7.987805,-157.01219
134,0.9511719,-0.36694336,0.4855957,-10.152439,-9.237805,-142.62195
134,0.96240234,-0.25317383,0.38085938,18.567074,-4.237805,-105.60976
134,0.85668945,-0.15063477,0.32861328,13.018293,2.042683,-80.243904
134,0.7067871,-0.09765625,0.34204102,-18.810976,6.3414636,-66.52439
135,0.73461914,-0.2084961,0.33911133,-86.43293,13.871951,-59.207317
135,0.80566406,-0.31958008,0.33764648,-95.518295,23.567074,-39.085365
135,0.845459,-0.35424805,0.35498047,-82.71342,24.84756,-27.34756
135,0.8029785,-0.44702148,0.421875,-63.993904,18.20122,-26.09756
135,0.7307129,-0.49389648,0.4482422,-48.75,14.908537,-29.024391
135,0.73999023,-0.52319336,0.4501953,-29.390245,10.426829,-38.323174
135,0.8886719,-0.48095703,0.45263672,2.4695122,5.0609756,-49.237804
135,1.2390137,-0.52124023,0.4543457,19.939024,0.27439025,-41.798782
135,1.5087891,-0.50927734,0.49389648,35.335365,-10.579268,-18.963415
135,0.9223633,-0.29296875,0.45898438,30.54878,-13.810976,34.512196
135,0.72021484,-0.21606445,0.36914063,27.195122,-8.414635,77.59147
135,0.9831543,-0.23925781,0.34423828,44.115856,-9.695122,103.07927
135,1.0302734,-0.31445313,0.34423828,68.506096,-11.493903,116.79878
135,1.0773926,-0.30664063,0.33251953,78.2622,-2.5609756,131.0061
135,0.9628906,-0.22045898,0.32421875,75.243904,-2.4695122,138.44513
135,0.81762695,-0.16015625,0.31640625,61.067074,-2.1646342,144.45122
135,0.8093262,-0.15576172,0.29516602,35.518295,0.18292683,139.78659
135,0.77246094,-0.21289063,0.26245117,11.371951,-2.7743902,125.30488
135,0.8203125,-0.29125977,0.2553711,3.2317073,-1.8292683,96.79878
135,0.81225586,-0.26953125,0.25634766,10.731708,4.2073174,74.63415
135,0.84350586,-0.2487793,0.26391602,16.371952,6.3719516,54.725613
135,1.0366211,-0.24291992,0.32641602,19.969513,16.585365,18.841463
135,1.0534668,-0.19750977,0.3737793,12.317074,19.84756,-10.457317
135,0.9904785,-0.17700195,0.40161133,-13.932927,11.554878,-35.121952
135,1.2902832,-0.30395508,0.41333008,-35,8.353659,-83.506096
135,1.0212402,-0.36083984,0.48876953,-37.34756,-22.92683,-128.93292
135,0.6970215,-0.39575195,0.55200195,-33.90244,-38.65854,-139.32927
135,0.6921387,-0.38305664,0.53466797,-5.762195,-23.170732,-124.939026
135,0.9230957,-0.29589844,0.5131836,32.317074,-15.6707325,-116.46342
135,0.9289551,-0.15136719,0.44140625,34.786587,-14.146341,-90.27439
135,0.86035156,-0.06665039,0.3317871,8.810976,0.79268295,-49.390244
136,0.70092773,-0.050048828,0.34399414,-9.908537,0.36585367,-36.036587
136,0.6833496,-0.14379883,0.37597656,-48.62805,0.06097561,-36.15854
136,0.7714844,-0.31420898,0.35205078,-94.7561,19.359756,-31.79878
136,0.80078125,-0.3815918,0.33618164,-88.65854,22.92683,-16.67683
136,0.8522949,-0.43676758,0.37670898,-58.567074,15.54878,-16.341463
136,0.74780273,-0.44921875,0.4177246,-21.463415,4.542683,-19.512196
136,0.7011719,-0.45581055,0.44262695,5.2439027,-0.73170733,-29.45122
136,0.73535156,-0.41308594,0.4494629,22.134148,-2.8963416,-45.640244
136,0.90478516,-0.34472656,0.44335938,21.189024,2.1341465,-51.432926
136,1.2246094,-0.36206055,0.45288086,16.585365,-0.7621951,-51.55488
136,1.4599609,-0.3984375,0.5283203,12.865854,-7.042683,-43.59756
136,0.8901367,-0.3779297,0.4482422,-13.597561,-6.9817076,-0.06097561
136,0.8833008,-0.37963867,0.37475586,1.6463416,-0.7621951,50.70122
136,1.0100098,-0.31835938,0.3684082,49.664635,-9.481708,76.15854
136,1.0009766,-0.31713867,0.31030273,79.81708,-7.042683,104.57317
136,1.0197754,-0.26123047,0.30151367,91.0061,-3.323171,120.09147
136,0.9157715,-0.18164063,0.2993164,90.94512,-5.762195,130.76219
136,0.7578125,-0.115478516,0.29907227,65.21342,-1.0365853,133.20122
136,0.71777344,-0.15673828,0.26733398,26.341465,0.15243903,129.39024
136,0.7324219,-0.24243164,0.26049805,10.945122,-4.268293,112.59147
136,0.8261719,-0.3046875,0.25463867,9.268293,1.8597561,82.68293
136,0.9472656,-0.29858398,0.25610352,11.219513,7.9573174,61.371952
136,1.0419922,-0.2578125,0.29345703,15.030488,13.780488,44.786587
136,1.1643066,-0.2019043,0.34106445,15.914635,22.92683,20.762196
136,1.0256348,-0.14257813,0.38891602,0.7621951,18.689024,2.8658538
136,1.1101074,-0.1418457,0.39770508,-23.109756,17.195122,-15.060976
136,1.1921387,-0.23999023,0.40576172,-43.780487,8.353659,-61.493904
136,0.88305664,-0.33813477,0.4736328,-45.030487,-25.762196,-91.52439
136,0.6254883,-0.3996582,0.54907227,-32.07317,-29.969513,-97.835365
136,0.6191406,-0.33251953,0.52685547,0.36585367,-20.945122,-87.37805
137,0.8317871,-0.3095703,0.484375,34.298782,-22.164635,-79.085365
137,0.93896484,-0.19042969,0.42236328,51.0061,-16.371952,-66.46342
137,0.8395996,-0.056884766,0.36865234,27.073172,-11.310976,-55.457317
137,0.67626953,-0.05859375,0.38330078,-14.176829,-7.1341467,-53.5061
137,0.6359863,-0.15625,0.37548828,-59.725613,1.3719512,-56.12805
137,0.704834,-0.27148438,0.3701172,-76.95122,17.896341,-45.27439
137,0.7675781,-0.3215332,0.3918457,-65.27439,19.817074,-35.518295
137,0.8039551,-0.40844727,0.42041016,-39.298782,16.646341,-35
137,0.7619629,-0.40844727,0.49316406,-7.2865853,3.4756098,-36.707317
137,0.7858887,-0.4230957,0.52001953,4.8170733,2.1646342,-51.615856
137,0.8659668,-0.4091797,0.52368164,-0.09146342,-1.097561,-63.414635
137,1.1506348,-0.40576172,0.4724121,-2.5609756,2.012195,-70.09147
137,1.5446777,-0.42114258,0.51586914,6.1890244,-2.2256098,-65.18293
137,1.1723633,-0.375,0.49853516,-8.445122,-13.018293,-38.140244
137,0.67944336,-0.34692383,0.3642578,-11.981708,1.6768293,36.40244
137,0.9543457,-0.25195313,0.29882813,29.481709,-3.8414636,76.70732
137,1.0622559,-0.24365234,0.2998047,70.335365,-7.5914636,106.92073
137,1.0993652,-0.2487793,0.27954102,98.414635,-0.7621951,130.21342
137,1.0454102,-0.15625,0.3100586,94.11585,2.042683,145.03049
137,0.85913086,-0.10961914,0.34033203,58.871952,1.8292683,153.62805
137,0.767334,-0.16967773,0.33764648,-6.8292685,5.518293,148.81097
137,0.7583008,-0.24047852,0.2932129,-21.158537,0.51829267,135.7317
137,0.7512207,-0.24829102,0.26049805,-28.567074,1.1585367,112.77439
137,0.7819824,-0.26733398,0.24438477,-27.65244,-0.6097561,82.10366
137,0.8317871,-0.28466797,0.25048828,-10.792684,1.9512196,57.134148
137,0.9785156,-0.24926758,0.26953125,9.329268,12.317074,27.560976
137,1.032959,-0.17773438,0.3017578,2.8963416,20.182928,-13.384147
137,0.89941406,-0.17553711,0.3552246,-14.878049,12.378049,-39.817074
137,1.0273438,-0.23950195,0.36083984,-21.09756,18.841463,-62.40854
137,1.1315918,-0.28588867,0.3737793,-26.737806,11.768293,-111.52439
137,0.98950195,-0.3930664,0.45483398,-36.432926,-18.323172,-144.42073
138,0.89575195,-0.42089844,0.50805664,-29.939026,-21.310976,-154.2683
138,0.8547363,-0.35009766,0.5036621,3.7195122,-26.371952,-137.86586
138,0.91259766,-0.32958984,0.45361328,31.920732,-29.512196,-117.10366
138,0.9304199,-0.2722168,0.3527832,50.30488,-17.774391,-80.03049
138,0.8520508,-0.11254883,0.2668457,48.963417,-10.457317,-43.140244
138,0.71484375,-0.04248047,0.31079102,6.0365853,-8.47561,-32.530487
138,0.69555664,-0.13452148,0.34399414,-56.707317,-3.2926831,-25.335367
138,0.7470703,-0.26513672,0.3334961,-72.40854,15.335366,-16.371952
138,0.8154297,-0.33520508,0.3696289,-65.70122,10.335366,-9.756098
138,0.80322266,-0.44458008,0.4111328,-53.993904,7.3170733,-13.932927
138,0.7219238,-0.49853516,0.4465332,-17.957317,-0.5487805,-20.792683
138,0.7561035,-0.4494629,0.45507813,6.402439,-2.7134147,-30.762196
138,0.9172363,-0.39892578,0.44702148,20.792683,-2.012195,-39.207317
138,1.5356445,-0.37841797,0.50634766,17.256098,8.506098,-40.914635
138,1.5078125,-0.26733398,0.50341797,-19.817074,6.9817076,-25.823172
138,1.0263672,-0.26464844,0.44335938,-67.77439,9.207317,15.792684
138,0.7553711,-0.30664063,0.36938477,-51.920734,5.365854,79.14635
138,0.94506836,-0.36694336,0.34057617,9.237805,0.39634147,106.189026
138,1.0270996,-0.36010742,0.31640625,64.664635,-4.8170733,128.99391
138,1.0839844,-0.25317383,0.3100586,92.22561,-1.4024391,133.56708
138,0.9707031,-0.20654297,0.29858398,78.506096,3.0182927,135.5183
138,0.7529297,-0.07470703,0.29907227,19.84756,10.304878,108.23171
138,0.63134766,-0.1862793,0.21850586,-65.121956,2.2560976,127.04269
138,0.6767578,-0.31469727,0.19018555,-63.140244,-7.164634,90.94512
138,0.7565918,-0.3955078,0.1850586,-29.542685,-5.8841467,66.92073
138,0.8232422,-0.3774414,0.16210938,23.04878,6.615854,40.73171
138,0.8557129,-0.3256836,0.1928711,40.57927,10.609756,24.664635
138,0.9885254,-0.30371094,0.24633789,52.957317,13.506098,4.4817076
138,1.0170898,-0.23120117,0.33422852,63.78049,15.060976,-22.530489
138,1.045166,-0.19433594,0.39086914,53.384148,5.97561,-39.542683
138,1.3283691,-0.21264648,0.42358398,32.835365,8.871951,-71.34147
139,1.1430664,-0.28588867,0.5695801,-5.030488,-32.5,-121.34147
139,0.82958984,-0.34033203,0.6381836,-34.60366,-44.48171,-133.17073
139,0.6320801,-0.32592773,0.59716797,-45.609756,-21.554878,-120.121956
139,0.7824707,-0.28051758,0.52319336,-14.176829,-16.524391,-95
139,0.9172363,-0.18652344,0.4572754,16.12805,-4.02439,-72.95732
139,0.9699707,-0.09472656,0.3647461,22.408537,0.79268295,-46.40244
139,0.75756836,-0.078125,0.3491211,0.030487806,4.542683,-35.94512
139,0.6574707,-0.14794922,0.33422852,-48.44512,5.2134147,-38.384148
139,0.7062988,-0.25878906,0.32788086,-87.560974,16.219513,-38.780487
139,0.74975586,-0.38989258,0.3088379,-81.15854,25.274391,-26.493902
139,0.7548828,-0.3864746,0.3076172,-63.384148,17.957317,-26.40244
139,0.7307129,-0.42651367,0.3413086,-40.640244,9.664635,-28.506098
139,0.7006836,-0.42456055,0.40356445,-0.12195122,-3.4756098,-37.2561
139,0.7890625,-0.4243164,0.4494629,18.414635,-9.695122,-51.585365
139,0.93115234,-0.41870117,0.47607422,26.890245,-11.920732,-63.689026
139,1.5383301,-0.49121094,0.54711914,39.573174,-7.4390244,-66.15854
139,1.4465332,-0.3251953,0.57177734,27.073172,-11.432927,-53.23171
139,0.81689453,-0.2043457,0.48876953,-15.6707325,-10.365854,-4.1463413
139,0.66918945,-0.26391602,0.41992188,-1.5853659,-11.128049,56.67683
139,1.0236816,-0.30493164,0.41723633,45.73171,-4.908537,85.54878
139,1.0097656,-0.31201172,0.35131836,65.70122,-0.8231708,113.93293
139,1.027832,-0.3244629,0.30322266,81.89024,-1.3719512,124.02439
139,0.99072266,-0.2019043,0.32836914,96.21951,4.512195,132.62195
139,0.8261719,-0.11694336,0.3149414,75.48781,1.4634147,145.18294
139,0.7236328,-0.11621094,0.27856445,-13.932927,20.670732,111.31098
139,0.8129883,-0.23413086,0.2434082,-36.52439,8.414635,109.72561
139,0.8171387,-0.27392578,0.21362305,-31.12805,10.70122,82.28659
139,0.8547363,-0.27905273,0.22509766,-22.439026,10.365854,69.085365
139,0.9448242,-0.28271484,0.25195313,-5.518293,13.04878,53.90244
139,1.0788574,-0.26586914,0.31860352,15.27439,15.152439,30.57927
139,1.0117188,-0.17114258,0.3762207,12.286586,13.658537,3.0182927
140,0.9916992,-0.13378906,0.40673828,-12.987805,6.5853662,-16.463415
140,1.1958008,-0.22338867,0.44335938,-23.90244,6.554878,-53.689026
140,1.0402832,-0.3474121,0.5053711,-22.439026,-21.189024,-104.5122
140,0.76000977,-0.35668945,0.564209,-17.5,-32.743904,-120.7622
140,0.6965332,-0.35253906,0.5617676,-2.5609756,-27.073172,-113.5061
140,0.81884766,-0.26635742,0.5036621,29.420732,-20.823172,-98.414635
140,0.8972168,-0.140625,0.4169922,32.07317,-12.5,-83.414635
140,0.88720703,-0.07446289,0.3330078,12.530488,-1.5243902,-66.40244
140,0.78466797,-0.10131836,0.31469727,-17.134148,5.0914636,-56.646343
140,0.7438965,-0.15771484,0.34033203,-53.536587,9.969512,-51.09756
140,0.73339844,-0.2475586,0.33813477,-93.56708,22.012196,-43.536587
140,0.7619629,-0.35961914,0.33862305,-104.63415,27.164635,-27.317074
140,0.7416992,-0.3630371,0.33032227,-82.89635,25.182928,-16.920732
140,0.6765137,-0.3383789,0.33911133,-59.84756,17.560976,-14.847561
140,0.79345703,-0.38012695,0.3857422,-31.493904,12.530488,-24.84756
140,0.9367676,-0.43530273,0.44921875,-11.25,6.3719516,-41.128048
140,1.0559082,-0.43896484,0.47802734,1.6463416,0.85365856,-56.067074
140,1.454834,-0.4958496,0.5498047,10.579268,-4.02439,-66.98171
140,1.3520508,-0.44091797,0.59887695,8.170732,-15.457317,-53.993904
140,0.79125977,-0.3515625,0.49853516,-1.4024391,-16.920732,-16.463415
140,0.748291,-0.33276367,0.39648438,34.817074,-12.865854,43.018295
140,0.9626465,-0.29785156,0.36669922,77.621956,-9.237805,67.77439
140,0.95166016,-0.25927734,0.31030273,92.13415,-9.512196,88.65854
140,0.9885254,-0.14501953,0.3161621,83.201225,9.207317,99.69512
140,0.8366699,-0.095703125,0.33374023,59.634148,9.115854,114.05488
140,0.736084,-0.15136719,0.34228516,29.603659,7.042683,117.439026
140,0.8088379,-0.25073242,0.3034668,1.6768293,14.817074,104.63415
140,0.8364258,-0.27197266,0.28271484,-10.091464,14.115854,98.96342
140,0.84472656,-0.26123047,0.25146484,-17.073172,14.939025,83.597565
140,0.9099121,-0.25048828,0.25195313,-4.756098,15.060976,65.121956
141,1.0283203,-0.23535156,0.2944336,6.2195125,17.743902,45.57927
141,1.1181641,-0.2133789,0.3317871,4.878049,22.073172,22.286587
141,0.94091797,-0.1652832,0.34936523,-18.04878,10.121951,-4.542683
141,1.1237793,-0.20288086,0.37695313,-32.5,8.719512,-30
141,1.2197266,-0.30444336,0.41870117,-28.780489,-1.8597561,-65.426834
141,0.7548828,-0.34960938,0.4892578,-24.29878,-37.560978,-98.81098
141,0.5349121,-0.3413086,0.5004883,-17.835367,-37.34756,-93.597565
141,0.6965332,-0.3569336,0.5012207,12.103659,-32.042683,-92.347565
141,0.92089844,-0.28466797,0.49291992,57.225613,-29.207317,-75.914635
141,0.89746094,-0.1262207,0.40161133,48.20122,-19.32927,-45.060978
141,0.83569336,-0.072509766,0.36279297,23.140244,-10.518293,-34.72561
141,0.69799805,-0.103759766,0.38793945,-16.768293,-4.878049,-25.762196
141,0.70410156,-0.23535156,0.39379883,-43.44512,2.652439,-24.146341
141,0.720459,-0.30151367,0.38623047,-52.957317,12.926829,-21.09756
141,0.71899414,-0.33520508,0.37573242,-45.243904,15,-15
141,0.6867676,-0.34204102,0.390625,-35.365856,11.067074,-17.957317
141,0.7495117,-0.3852539,0.41210938,-23.47561,4.359756,-19.84756
141,0.9387207,-0.40234375,0.47851563,0.06097561,6.097561,-27.073172
141,1.0681152,-0.37182617,0.4814453,4.268293,3.902439,-31.615854
141,1.3571777,-0.41503906,0.49658203,4.542683,-2.042683,-30.030489
141,1.4282227,-0.3696289,0.5617676,9.786586,-6.615854,-24.695122
141,0.9020996,-0.33935547,0.46533203,-3.5670733,-12.164635,-0.09146342
141,0.56811523,-0.3178711,0.31860352,11.219513,-7.7439027,35.42683
141,0.9309082,-0.28857422,0.29296875,67.926834,-5.182927,59.817074
141,1.0380859,-0.2775879,0.25634766,96.189026,0.33536586,69.54269
141,1.0251465,-0.2097168,0.24804688,98.10976,9.3902445,64.96951
141,0.8815918,-0.107421875,0.2409668,56.585365,22.195122,78.993904
141,0.7451172,-0.12426758,0.23266602,21.554878,15.853659,87.95732
141,0.69970703,-0.16479492,0.23632813,-9.72561,12.743903,73.35366
141,0.7558594,-0.24243164,0.2553711,-29.512196,3.1097562,65
142,0.8432617,-0.3239746,0.23510742,-23.323172,4.6951222,48.23171
142,0.91308594,-0.31274414,0.234375,1.0060976,6.554878,40.609756
142,1.0549316,-0.2841797,0.26708984,29.32927,8.932927,34.115856
142,1.1745605,-0.22583008,0.3154297,32.987804,18.353659,26.12805
142,1.019043,-0.11279297,0.3479004,15.945123,20.182928,11.036586
142,1.0837402,-0.1184082,0.37280273,-24.939026,16.036585,-15.426829
142,1.1723633,-0.25268555,0.40600586,-43.932926,11.310976,-49.634148
142,0.8845215,-0.36914063,0.45507813,-52.713417,-18.689024,-77.53049
142,0.55322266,-0.41674805,0.49145508,-38.90244,-24.512196,-84.29878
142,0.64501953,-0.5126953,0.50341797,26.371952,-32.19512,-81.40244
142,0.88012695,-0.41235352,0.48754883,116.21951,-30.182928,-74.90854
142,0.9904785,-0.06591797,0.44702148,124.42074,-21.310976,-32.530487
142,0.9001465,0.06933594,0.43115234,68.2622,-12.835366,-9.695122
142,0.7180176,0.10205078,0.44873047,-0.57926834,-0.12195122,-2.7134147
142,0.61987305,-0.056884766,0.39135742,-89.72561,13.384147,2.1646342
142,0.6582031,-0.21875,0.3503418,-112.5,22.073172,4.054878
142,0.72875977,-0.31176758,0.36035156,-98.62805,24.146341,3.8109758
142,0.7363281,-0.39819336,0.35913086,-69.02439,17.195122,-1.9817073
142,0.67163086,-0.41333008,0.38134766,-39.085365,9.02439,-11.128049
142,0.7023926,-0.4074707,0.42211914,-2.4695122,3.1707318,-22.5
142,0.8156738,-0.3737793,0.46533203,30.518293,-4.8170733,-44.664635
142,0.93603516,-0.34838867,0.4724121,33.23171,-8.47561,-52.713417
142,1.2680664,-0.31030273,0.5102539,17.469513,-7.530488,-58.719513
142,1.3850098,-0.28076172,0.5617676,-18.841463,-11.8902445,-46.189026
142,0.8845215,-0.3034668,0.47827148,-47.073174,-14.359756,-16.646341
142,0.75805664,-0.33325195,0.3876953,-29.085367,-4.268293,15.97561
142,0.986084,-0.30151367,0.36328125,40.121952,-6.554878,49.69512
142,0.9819336,-0.33813477,0.35009766,71.12805,-11.371951,67.40854
142,1.0334473,-0.30493164,0.3569336,91.676834,0.88414633,73.29269
142,0.8210449,-0.13623047,0.34765625,82.68293,1.3719512,89.664635
142,0.65600586,-0.09790039,0.35351563,43.90244,-0.12195122,88.414635
143,0.6022949,-0.10449219,0.33032227,-35.70122,13.384147,77.164635
143,0.7128906,-0.28027344,0.26098633,-31.189026,-2.3475611,72.59147
143,0.7758789,-0.2775879,0.25952148,-10.487805,4.4817076,47.591465
143,0.83081055,-0.28125,0.26171875,-4.390244,7.7134147,39.390244
143,1.0371094,-0.29614258,0.33032227,22.591463,14.695123,23.62805
143,1.2114258,-0.22607422,0.38989258,34.878048,29.237806,8.47561
143,1.1074219,-0.14453125,0.42041016,9.878049,26.036587,-8.231708
143,1.2185059,-0.17358398,0.40942383,-39.969513,24.817074,-33.048782
143,1.2751465,-0.27563477,0.44067383,-50.640244,12.408537,-62.073174
143,1.015625,-0.3713379,0.5095215,-48.292683,-13.1402445,-90.85366
143,0.61499023,-0.3852539,0.53686523,-33.262196,-18.871952,-86.40244
143,0.64453125,-0.3425293,0.5012207,-4.72561,-8.719512,-68.871956
143,0.85498047,-0.22509766,0.43847656,29.268293,-0.57926834,-57.073174
143,0.89624023,-0.02758789,0.33813477,27.774391,2.7743902,-20.54878
143,0.79052734,-0.010009766,0.32714844,1.890244,6.737805,-13.445123
143,0.6479492,-0.07299805,0.34545898,-33.59756,6.3109756,-14.176829
143,0.5969238,-0.22631836,0.34228516,-93.018295,13.597561,-22.92683
143,0.6394043,-0.33935547,0.29858398,-103.78049,24.84756,-17.317074
143,0.69628906,-0.3540039,0.2890625,-73.689026,21.890244,-20.091463
143,0.74658203,-0.36035156,0.32495117,-27.317074,9.573171,-30.640245
143,0.6970215,-0.38427734,0.39257813,1.7378049,-3.0487804,-39.17683
143,0.6928711,-0.40673828,0.47680664,26.067074,-15.396342,-55.060978
143,0.8293457,-0.38989258,0.529541,40.060978,-19.481709,-75.67073
143,0.9501953,-0.31689453,0.53344727,25,-16.189024,-82.95732
143,1.3022461,-0.32641602,0.5292969,-1.8597561,-8.658537,-87.439026
143,1.4216309,-0.38061523,0.56396484,-26.615854,-12.073171,-64.39024
143,0.9111328,-0.37524414,0.4951172,-42.896343,-8.597561,-10.54878
143,0.8095703,-0.35375977,0.42456055,-14.02439,-5.670732,45.42683
143,1.059082,-0.30737305,0.39648438,47.012196,-6.4939027,88.38415
143,1.0151367,-0.34545898,0.33007813,74.81708,-4.390244,108.84147
143,1.0388184,-0.328125,0.3383789,94.87805,-0.8231708,114.11586
144,0.8679199,-0.16699219,0.34301758,92.31708,3.140244,128.53659
144,0.720459,-0.09765625,0.32836914,67.560974,6.52439,135.2744
144,0.6760254,-0.11743164,0.30371094,14.02439,12.469513,127.89635
144,0.76293945,-0.24389648,0.25683594,-6.920732,1.7987806,109.35976
144,0.76953125,-0.27392578,0.23999023,-2.4695122,2.5609756,83.56708
144,0.82958984,-0.29663086,0.234375,-0.6707317,4.9390244,64.29878
144,0.95092773,-0.27661133,0.25097656,17.65244,10.487805,36.95122
144,1.1118164,-0.16967773,0.29760742,22.92683,18.871952,8.963415
144,1.0632324,-0.08691406,0.33520508,1.7987806,16.585365,-17.774391
144,1.0407715,-0.1796875,0.35961914,-37.134148,3.4146342,-45.365856
144,1.2636719,-0.25463867,0.359375,-39.085365,8.1402445,-75.518295
144,1.1760254,-0.33081055,0.4008789,-32.469513,-16.524391,-105.57927
144,0.8508301,-0.37158203,0.47924805,-16.09756,-36.036587,-118.53659
144,0.82958984,-0.3256836,0.48657227,6.1890244,-27.896341,-102.89635
144,0.89208984,-0.24487305,0.43017578,30.274391,-29.115854,-74.14635
144,0.89624023,-0.07861328,0.3154297,37.439026,-22.256098,-36.52439
144,0.8984375,-0.009765625,0.27026367,21.09756,-16.707317,-25.97561
144,0.7751465,-0.040771484,0.27148438,0.91463417,-15.6707325,-26.585367
144,0.6208496,-0.088378906,0.3383789,-57.987804,-6.920732,-41.768295
144,0.71069336,-0.32470703,0.3137207,-104.7561,9.115854,-45.365856
144,0.7380371,-0.42236328,0.24633789,-79.69512,12.378049,-36.890244
144,0.80566406,-0.38745117,0.29956055,-39.7561,10,-51.737804
144,0.7844238,-0.4560547,0.37426758,-8.932927,-0.33536586,-55.457317
144,0.779541,-0.45263672,0.44580078,19.542683,-10.335366,-59.390244
144,0.8444824,-0.43286133,0.5175781,41.920734,-16.67683,-60.85366
144,0.97094727,-0.40820313,0.51953125,45.518295,-13.353659,-56.12805
144,1.2756348,-0.36376953,0.49169922,41.493904,0.6097561,-44.359756
144,1.4260254,-0.26831055,0.50878906,16.737804,6.646342,-23.445122
144,0.9926758,-0.22583008,0.46240234,-25.670732,15.243903,17.713415
144,0.9255371,-0.30004883,0.39160156,-33.262196,23.90244,66.676834
145,1.1105957,-0.2758789,0.36547852,24.939026,24.024391,109.02439
145,1.1257324,-0.3330078,0.29638672,48.59756,21.859756,122.13415
145,1.1115723,-0.3659668,0.28515625,80.73171,20.57927,131.9817
145,0.92871094,-0.14819336,0.19750977,107.56098,38.414635,148.07927
145,0.74072266,-0.0690918,0.30615234,33.90244,32.530487,116.89024
145,0.8088379,-0.076171875,0.265625,-49.146343,29.146341,143.93294
145,0.796875,-0.27148438,0.15722656,-41.890244,21.554878,124.7561
145,0.85058594,-0.2668457,0.16577148,-28.841465,16.067074,102.926834
145,0.9194336,-0.3466797,0.17773438,-12.22561,14.115854,82.22561
145,1.0927734,-0.31323242,0.23779297,14.29878,25.060976,51.12805
145,1.0895996,-0.21484375,0.27783203,18.871952,30.274391,23.47561
145,0.95214844,-0.13769531,0.3161621,3.5060976,20.243902,-3.932927
145,1.1574707,-0.1899414,0.32641602,-26.768293,14.817074,-49.664635
145,1.0554199,-0.27929688,0.4050293,-36.493904,-7.804878,-97.40854
145,0.8881836,-0.38549805,0.5161133,-34.359756,-30.884148,-130.45732
145,0.7609863,-0.37280273,0.5588379,-9.603659,-26.554878,-137.2561
145,0.91503906,-0.3491211,0.5644531,25.060976,-25.274391,-125.94512
145,1.0246582,-0.19897461,0.5336914,45.670734,-21.310976,-107.5
145,0.90405273,-0.020996094,0.4482422,15.823171,-15.27439,-70.09147
145,0.7927246,0.004394531,0.41479492,-9.054878,-6.097561,-60.548782
145,0.6845703,-0.057128906,0.4189453,-48.75,-4.4817076,-63.07927
145,0.65356445,-0.25439453,0.37597656,-112.0122,14.207317,-69.20732
145,0.720459,-0.45825195,0.30810547,-113.90244,24.603659,-59.115856
145,0.704834,-0.4182129,0.33422852,-69.176834,36.67683,-52.896343
145,0.736084,-0.44628906,0.35839844,-34.542683,21.737806,-52.80488
145,0.7036133,-0.45874023,0.42358398,-7.2865853,18.75,-55.457317
145,0.7385254,-0.4206543,0.48339844,2.957317,10.487805,-70.7622
145,0.9001465,-0.36279297,0.45629883,-30.518293,9.72561,-87.835365
145,1.0837402,-0.4699707,0.40283203,-73.23171,12.621951,-85
145,1.3930664,-0.71899414,0.35351563,-81.55488,15.487805,-53.384148
145,1.1325684,-0.61328125,0.33129883,-54.268295,-7.865854,24.603659
146,0.7836914,-0.3803711,0.38842773,-23.414635,-24.908537,75.48781
146,0.876709,-0.4248047,0.3708496,8.963415,-35.85366,116.371956
146,1.0998535,-0.5493164,0.32128906,36.95122,-36.341465,138.07927
146,1.168457,-0.4855957,0.28149414,60.884148,-43.963417,142.10367
146,1.1967773,-0.40063477,0.24658203,73.2622,-45.670734,152.22562
146,0.99316406,-0.2758789,0.23535156,93.993904,-51.52439,159.11586
146,0.8828125,-0.21826172,0.2163086,100.67073,-51.12805,166.12805
146,0.859375,-0.20019531,0.21923828,93.84147,-40.762196,162.65244
146,0.87402344,-0.23706055,0.22387695,65.82317,-29.32927,139.2683
146,0.8952637,-0.27148438,0.2211914,59.17683,-21.09756,120.64024
146,0.89868164,-0.26708984,0.23291016,60.609756,-9.969512,100.27439
146,0.9592285,-0.19580078,0.2626953,52.073174,5.4573174,69.05488
146,0.9987793,-0.15771484,0.28881836,34.237804,14.3902445,33.048782
146,0.8588867,-0.13916016,0.33129883,6.2195125,10.762196,-2.5304878
146,0.89868164,-0.22924805,0.3803711,-29.29878,5.97561,-52.10366
146,1.0644531,-0.32177734,0.38378906,-40.060978,4.6341467,-106.371956
146,0.9680176,-0.40551758,0.4633789,-39.60366,-20.030489,-157.2561
146,0.8400879,-0.4260254,0.56762695,-23.689026,-29.786587,-190.64024
146,0.8886719,-0.4104004,0.6035156,-0.6402439,-27.530489,-192.86586
146,1.005127,-0.34936523,0.5839844,26.981709,-26.615854,-172.31708
146,1.0183105,-0.17114258,0.44140625,32.713417,-13.658537,-128.20122
146,0.93530273,-0.064697266,0.35107422,12.347561,-5.518293,-94.5122
146,0.7824707,-0.030029297,0.33618164,-18.109756,-1.7987806,-71.43293
146,0.70458984,-0.13720703,0.3383789,-82.926834,10.396341,-55.518295
146,0.80371094,-0.24536133,0.3154297,-114.39024,19.085367,-43.963417
146,0.8288574,-0.32983398,0.2993164,-113.81098,19.786587,-28.323172
146,0.83813477,-0.4790039,0.31518555,-105.701225,23.109756,-23.841463
146,0.7512207,-0.5305176,0.3605957,-80.30488,16.432928,-24.695122
146,0.72094727,-0.52490234,0.38989258,-44.7561,9.359756,-31.158537
146,0.7885742,-0.50390625,0.4177246,2.042683,-1.2195122,-47.34756
146,0.95947266,-0.50146484,0.42260742,25.97561,-6.3109756,-48.871952
147,1.3127441,-0.5036621,0.44360352,36.615856,-10.27439,-45.792683
147,1.3405762,-0.42504883,0.48364258,34.02439,-18.993902,-10.487805
147,0.88256836,-0.27807617,0.43164063,21.158537,-16.646341,34.115856
147,0.7685547,-0.21899414,0.35766602,23.719513,-12.835366,80.94512
147,0.99731445,-0.2578125,0.33569336,48.932926,-10.304878,114.5122
147,1.0114746,-0.31469727,0.31274414,65.121956,-8.719512,128.07927
147,1.1135254,-0.3046875,0.31860352,82.22561,-2.1036587,134.63416
147,1,-0.16357422,0.34350586,90.426834,3.902439,138.53659
147,0.82592773,-0.19238281,0.3503418,82.86585,-6.5853662,152.0427
147,0.71875,-0.10986328,0.30395508,12.835366,17.896341,110.03049
147,0.7624512,-0.25878906,0.27441406,-19.085367,-5.0914636,109.29878
147,0.73413086,-0.29248047,0.23583984,-11.097561,2.2256098,70.39634
147,0.70288086,-0.33251953,0.22729492,1.7378049,-1.7987806,50.27439
147,0.8701172,-0.33032227,0.27416992,41.09756,4.4512196,21.432928
147,1.0583496,-0.2475586,0.31054688,61.0061,15.457317,1.3414634
147,1.1313477,-0.16577148,0.35913086,46.341465,19.146341,-17.37805
147,1.0915527,-0.11743164,0.4140625,-7.164634,14.756098,-38.170734
147,1.3112793,-0.14624023,0.40893555,-40.609756,20.609756,-58.07927
147,1.2558594,-0.23413086,0.41674805,-64.23781,4.664634,-83.993904
147,0.82055664,-0.32373047,0.45996094,-77.77439,-15.152439,-102.59147
147,0.6911621,-0.3173828,0.43286133,-65.335365,-6.9512196,-94.11585
147,0.7871094,-0.31884766,0.4243164,-28.59756,-7.3475614,-85.36585
147,0.8718262,-0.2409668,0.36572266,12.195122,-6.097561,-71.82927
147,0.87841797,-0.19458008,0.29345703,15.182927,-4.72561,-59.84756
147,0.80688477,-0.19165039,0.27905273,15.091464,-3.5670733,-59.08537
147,0.68310547,-0.23779297,0.3310547,-13.902439,-5.6097565,-64.02439
147,0.7126465,-0.30541992,0.31103516,-49.60366,1.1890244,-71.676834
147,0.73168945,-0.35473633,0.29760742,-54.786587,6.25,-66.493904
147,0.7717285,-0.36523438,0.29638672,-34.817074,5.182927,-67.95732
147,0.8269043,-0.42382813,0.35253906,-13.292684,-1.7987806,-63.262196
147,0.8327637,-0.41064453,0.421875,5.2439027,-5.97561,-56.768295
148,0.85498047,-0.38867188,0.47924805,7.4390244,-8.841464,-47.2561
148,0.8886719,-0.38745117,0.49194336,-1.2195122,-5.030488,-37.80488
148,1.0339355,-0.3918457,0.49804688,-9.207317,-3.323171,-24.573172
148,1.559082,-0.41845703,0.5383301,-5.7012196,-0.88414633,-2.652439
148,1.3051758,-0.29589844,0.47973633,-19.939024,-0.91463417,24.420732
148,0.84594727,-0.2841797,0.40649414,-31.920732,0.945122,64.5122
148,0.8781738,-0.32495117,0.34838867,7.3475614,-6.280488,109.39024
148,1.0168457,-0.33544922,0.32641602,58.018295,-6.615854,122.04269
148,1.0739746,-0.32763672,0.29956055,95.45732,-7.7439027,128.10976
148,1.1264648,-0.29223633,0.30419922,117.2561,0.4878049,132.16464
148,0.9975586,-0.15893555,0.29760742,112.40854,7.8353662,133.84146
148,0.8288574,-0.10522461,0.29077148,78.810974,9.603659,134.0244
148,0.73657227,-0.07714844,0.2800293,-22.591463,16.890244,117.80488
148,0.77441406,-0.22851563,0.22705078,-31.432928,2.4695122,104.268295
148,0.7429199,-0.24780273,0.2055664,-28.231709,8.536586,77.560974
148,0.77734375,-0.2709961,0.18310547,-24.115854,5.640244,54.90854
148,0.80444336,-0.3059082,0.18798828,-10.457317,7.560976,34.17683
148,0.8925781,-0.2841797,0.21679688,9.085366,9.329268,14.817074
148,0.94799805,-0.2746582,0.26049805,18.414635,7.865854,-18.506098
148,0.9506836,-0.25830078,0.31152344,13.719513,1.8292683,-40.85366
148,1.1748047,-0.2956543,0.33935547,10.030488,0.70121956,-66.64634
148,1.2155762,-0.3569336,0.44580078,3.75,-24.542683,-126.28049
148,0.91503906,-0.40112305,0.5559082,-6.2195125,-53.323174,-148.38416
148,0.71069336,-0.38061523,0.5979004,-6.0365853,-42.34756,-138.2317
148,0.81103516,-0.2783203,0.5180664,15.609756,-27.073172,-94.96951
148,0.9016113,-0.12963867,0.4177246,27.896341,-12.134147,-64.5122
148,1.0441895,-0.030273438,0.32910156,16.280489,-4.756098,-40.85366
148,0.9494629,-0.032714844,0.34423828,-14.085366,0.73170733,-34.84756
148,0.8166504,-0.11791992,0.37719727,-54.969513,1.7073171,-32.07317
148,0.75878906,-0.24511719,0.3972168,-99.176834,8.780488,-37.042683
149,0.76708984,-0.41918945,0.32958984,-120.54878,26.219513,-14.359756
149,0.7199707,-0.3930664,0.29589844,-88.23171,29.908537,-12.408537
149,0.6972656,-0.33276367,0.2763672,-61.98171,14.664635,-11.432927
149,0.63720703,-0.3466797,0.28051758,-27.103659,7.4695125,-13.20122
149,0.67456055,-0.3071289,0.3215332,-15,0.15243903,-17.256098
149,0.8054199,-0.3088379,0.34960938,-13.536586,0.42682928,-21.79878
149,1.0290527,-0.29858398,0.36157227,-16.615854,4.756098,-22.042683
149,1.4208984,-0.31445313,0.44140625,-28.536587,9.634147,-20.914635
149,1.3718262,-0.27514648,0.47558594,-55.792683,9.115854,-16.615854
149,0.8625488,-0.23266602,0.4111328,-106.21951,15.823171,14.268293
149,0.9746094,-0.26831055,0.39624023,-97.31708,18.841463,37.317074
149,1.2041016,-0.23291016,0.44189453,-55.670734,17.5,57.713417
149,1.1647949,-0.18481445,0.42626953,-32.835365,18.414635,83.597565
149,1.0246582,-0.118652344,0.4296875,-21.615854,9.72561,86.21951
149,0.8442383,0.15625,0.7324219,147.28659,24.634148,81.21951
149,0.6125488,0.33496094,0.38720703,146.06708,62.77439,1.097561
149,0.91430664,-0.004150391,0.19555664,-147.71342,16.95122,47.469513
149,0.9929199,-0.29101563,0.21362305,-288.5061,42.713417,10.243902
149,0.88256836,-0.16137695,0.2331543,-140.82318,87.89635,-16.920732
149,0.892334,-0.05444336,0.23291016,-131.12805,101.43293,-36.585365
149,0.89404297,-0.19018555,0.15429688,-156.95122,112.77439,-37.896343
149,1.0869141,-0.25024414,0.08081055,-148.62805,122.68293,-54.664635
149,1.1757813,-0.28442383,0.037841797,-165.18294,129.17683,-77.835365
149,1.0722656,-0.33666992,0.046142578,-197.89635,124.20732,-99.085365
149,1.1416016,-0.4333496,0.09399414,-204.72562,122.835365,-118.53659
149,1.0126953,-0.45336914,0.14794922,-180.82318,107.835365,-134.54268
149,0.8808594,-0.45141602,0.18115234,-155.82318,101.34147,-146.0061
149,0.8588867,-0.42651367,0.19995117,-116.21951,78.2622,-162.22562
149,1.0161133,-0.4099121,0.15942383,-85.21342,92.2561,-163.68903
149,1.1257324,-0.42163086,0.109375,-38.292683,92.13415,-166.7683
150,1.1425781,-0.28686523,0.048828125,-38.90244,68.07927,-176.15854
150,1.1005859,-0.29956055,0.09399414,-73.71951,52.134148,-167.37805
150,1.0854492,-0.36694336,0.1640625,-98.07927,36.52439,-153.53659
150,0.97558594,-0.38208008,0.1850586,-118.96342,28.445122,-121.15854
150,0.9030762,-0.36401367,0.18066406,-117.71342,17.439024,-104.72561
150,0.87231445,-0.33251953,0.18334961,-121.61586,11.79878,-89.81708
150,0.8930664,-0.38085938,0.19604492,-119.939026,2.7439024,-80.88415
150,0.87890625,-0.4025879,0.23071289,-115.60976,0.57926834,-77.743904
150,0.83618164,-0.4338379,0.2890625,-119.54269,-0.06097561,-77.59147
150,0.8137207,-0.42407227,0.35839844,-111.40244,1.4939024,-81.92073
150,0.75341797,-0.51660156,0.42260742,-105.45732,-4.7865853,-88.597565
150,0.72216797,-0.63183594,0.50634766,-81.006096,-10.091464,-90.7622
150,0.81103516,-0.66308594,0.5776367,-37.65244,-11.707317,-72.98781
150,1.0983887,-0.6862793,0.59716797,-9.969512,-19.29878,-45.670734
150,1.1860352,-0.49975586,0.64941406,9.359756,-27.560976,-14.695123
150,0.9741211,-0.17211914,0.6867676,-12.164635,-17.012196,38.048782
150,0.83813477,-0.14550781,0.64990234,-38.109756,-8.658537,73.56708
150,0.8876953,-0.2536621,0.5517578,-38.780487,-3.0792685,96.82927
150,1.0324707,-0.36450195,0.46923828,-1.2195122,-0.45731708,119.176834
150,1.0876465,-0.37719727,0.41333008,34.237804,-6.554878,139.23781
150,1.0244141,-0.3310547,0.42138672,69.69512,-10.091464,147.37805
150,0.9580078,-0.23217773,0.41430664,94.085365,-6.890244,152.22562
150,0.8532715,-0.13745117,0.40039063,68.56708,7.7439027,129.66464
150,0.78930664,-0.1003418,0.36767578,18.719513,13.506098,118.04878
150,0.6220703,-0.15039063,0.2902832,-44.69512,10.27439,91.40244
150,0.6345215,-0.20629883,0.2783203,-65.335365,8.414635,66.097565
150,0.6953125,-0.24243164,0.26464844,-61.09756,10.457317,37.865856
150,0.6862793,-0.31323242,0.3137207,-35.94512,6.3109756,8.384147
150,0.75024414,-0.31420898,0.37597656,-11.402439,10.426829,-18.536587
150,0.8623047,-0.29418945,0.41015625,2.8658538,16.371952,-44.69512
150,0.9995117,-0.29370117,0.46044922,7.2865853,14.085366,-88.597565
151,1.2141113,-0.26416016,0.47509766,-2.2560976,12.012196,-126.097565
151,1.2209473,-0.27416992,0.53808594,-32.713417,-1.7682927,-165.03049
151,1.1577148,-0.34985352,0.5888672,-69.23781,-12.256098,-191.34146
151,0.97924805,-0.3190918,0.5673828,-91.06708,-5.304878,-183.04878
151,1.0175781,-0.3527832,0.4831543,-94.63415,7.682927,-151.79878
151,0.9160156,-0.31982422,0.40551758,-53.414635,6.402439,-97.37805
151,0.7944336,-0.25927734,0.35107422,-18.140244,4.9695125,-47.37805
151,0.77905273,-0.15185547,0.32910156,-0.18292683,3.0792685,-17.92683
151,0.6633301,-0.12915039,0.32006836,-30.457317,0.57926834,9.969512
151,0.595459,-0.19165039,0.27856445,-62.286587,9.420732,17.256098
151,0.6125488,-0.2578125,0.26733398,-75.18293,11.79878,22.103659
151,0.73779297,-0.3930664,0.32226563,-57.469513,8.506098,19.420732
151,0.779541,-0.44604492,0.36865234,-29.695122,6.554878,14.634147
151,0.70947266,-0.44213867,0.41210938,-4.8170733,1.4024391,5.792683
151,0.6491699,-0.42138672,0.45288086,23.62805,-9.634147,-12.743903
151,0.70092773,-0.4104004,0.46875,41.95122,-14.603659,-34.634148
151,0.8696289,-0.4333496,0.484375,55.15244,-18.262196,-52.896343
151,1.5002441,-0.47143555,0.52368164,64.96951,-10.426829,-62.80488
151,1.4638672,-0.3864746,0.5563965,56.28049,-18.62805,-50.42683
151,0.9428711,-0.32788086,0.4741211,29.87805,-18.506098,-13.47561
151,0.9963379,-0.3244629,0.3552246,53.993904,-2.5609756,62.53049
151,1.2434082,-0.14648438,0.35253906,100.73171,0.27439025,99.96951
151,1.0957031,-0.08642578,0.3100586,102.80488,3.5060976,135.91464
151,0.9724121,-0.10644531,0.28393555,92.80488,9.908537,155.48781
151,0.8317871,-0.047851563,0.2993164,82.31708,11.8902445,176.37195
151,0.7519531,-0.1472168,0.30078125,55.640244,11.036586,163.2927
151,0.8071289,-0.2055664,0.33422852,-29.87805,18.04878,130.06097
151,0.82666016,-0.36206055,0.2758789,-48.5061,11.585366,128.75
151,0.8496094,-0.28979492,0.20703125,-41.432926,18.62805,92.926834
151,0.94189453,-0.2939453,0.1784668,-18.90244,17.469513,64.176834
151,1.052002,-0.27783203,0.19384766,11.707317,24.573172,40.091465
152,1.0107422,-0.21557617,0.26098633,16.463415,25.670732,13.292684
152,1.0983887,-0.2783203,0.35180664,-1.0365853,18.04878,-18.04878
152,1.3049316,-0.2998047,0.35498047,-8.04878,21.036587,-57.987804
152,1.0881348,-0.34765625,0.46313477,-19.29878,-15.609756,-101.12805
152,0.7438965,-0.3791504,0.6542969,-12.743903,-32.713417,-112.46951
152,0.6633301,-0.2890625,0.62939453,6.768293,-29.939026,-90.64024
152,0.85839844,-0.24511719,0.53759766,30.54878,-24.84756,-65.7622
152,0.91186523,-0.072021484,0.4650879,47.865856,-22.530489,-43.65854
152,0.8022461,0.003662109,0.4206543,21.859756,-14.908537,-44.512196
152,0.6298828,-0.021972656,0.39648438,-27.5,-7.22561,-56.82927
152,0.55810547,-0.16870117,0.42358398,-123.201225,7.3170733,-79.39024
152,0.70532227,-0.4350586,0.28564453,-203.75,17.682928,-98.84147
152,0.7597656,-0.5710449,0.23730469,-31.554878,28.414635,-30.914635
152,0.6665039,-0.3347168,0.33007813,18.07927,22.317074,-70.73171
152,0.78686523,-0.45263672,0.38867188,15.914635,6.920732,-64.57317
152,0.75097656,-0.48901367,0.48632813,47.37805,0.45731708,-77.71342
152,0.92089844,-0.3552246,0.5690918,38.810978,-8.75,-90.36585
152,1.0351563,-0.3815918,0.5251465,-3.8414636,-2.3170733,-87.71342
152,1.3945313,-0.48291016,0.52001953,-21.280489,-2.4085367,-79.32927
152,1.2495117,-0.47851563,0.52905273,-8.109756,-13.658537,-28.993902
152,0.72436523,-0.35791016,0.47265625,4.908537,-10.487805,30.15244
152,0.8972168,-0.20605469,0.4128418,38.170734,-6.6768293,77.89635
152,1.0400391,-0.19628906,0.35717773,55.335365,5.97561,118.78049
152,1.0615234,-0.29589844,0.33447266,51.52439,9.908537,127.77439
152,1.0383301,-0.34277344,0.35424805,52.621952,11.646341,133.14024
152,0.8652344,-0.2290039,0.3400879,47.65244,8.689025,154.60367
152,0.8166504,-0.15551758,0.30639648,30.640245,11.432927,154.51219
152,0.8613281,-0.16186523,0.28637695,22.682928,8.20122,150.39635
152,0.8815918,-0.21166992,0.24682617,0.6707317,8.231708,127.65244
152,0.8901367,-0.24389648,0.22583008,-13.109756,7.7134147,114.87805
152,0.9025879,-0.2709961,0.22827148,-13.292684,6.7987804,96.64635
153,0.9863281,-0.24169922,0.2705078,2.6219513,7.77439,67.560974
153,0.98046875,-0.15893555,0.32641602,5.7012196,10.060976,34.45122
153,0.8886719,-0.14355469,0.37426758,-9.359756,1.6463416,1.3719512
153,1.1401367,-0.2434082,0.3918457,-31.463415,-1.097561,-55.85366
153,1.0959473,-0.33251953,0.46118164,-33.292683,-14.45122,-111.55488
153,0.8125,-0.35327148,0.5656738,-25.97561,-38.018295,-145.2744
153,0.73535156,-0.39453125,0.58862305,5.8841467,-33.07927,-141.40244
153,0.97094727,-0.33081055,0.55859375,52.77439,-23.932928,-128.87195
153,1.0568848,-0.123046875,0.49658203,71.189026,-21.40244,-100.121956
153,0.9387207,0.036376953,0.36669922,26.341465,-6.4939027,-61.73781
153,0.7800293,0.053955078,0.36791992,-10.97561,2.0731707,-51.585365
153,0.6777344,-0.049072266,0.39746094,-63.689026,2.4695122,-54.115856
153,0.7451172,-0.30859375,0.41601563,-121.89024,23.47561,-56.890244
153,0.7861328,-0.4169922,0.40063477,-113.65854,39.085365,-46.737804
153,0.7546387,-0.44555664,0.38452148,-83.14024,37.713417,-46.067074
153,0.6665039,-0.43823242,0.38745117,-37.286587,24.756098,-55.03049
153,0.69091797,-0.42944336,0.41137695,1.2195122,15.518293,-63.75
153,0.79345703,-0.3959961,0.44262695,22.591463,6.8597565,-73.75
153,0.9448242,-0.36669922,0.4296875,10.945122,0.21341464,-75.36585
153,1.3891602,-0.46264648,0.4189453,-4.085366,-1.9512196,-70.27439
153,1.486084,-0.5449219,0.43774414,-3.5670733,-13.506098,-41.737804
153,0.8408203,-0.46313477,0.3239746,22.256098,-17.134148,23.780489
153,0.9189453,-0.33447266,0.23950195,60.70122,-23.658537,80.67073
153,1.1010742,-0.2932129,0.19384766,98.65854,-26.341465,105.94512
153,1.097168,-0.3100586,0.14624023,108.93293,-18.932928,123.871956
153,1.057373,-0.34423828,0.16259766,105.82317,-16.341463,130.06097
153,0.9824219,-0.26098633,0.1628418,103.23171,-11.25,146.70732
153,0.892334,-0.16918945,0.13085938,74.32927,-8.506098,158.78049
153,0.92871094,-0.1743164,0.14086914,41.371952,-13.292684,157.74391
153,0.9194336,-0.19726563,0.1875,17.164635,-12.195122,144.57318
154,0.8586426,-0.25,0.19213867,-2.3170733,-4.7865853,129.54268
154,0.8886719,-0.28564453,0.20996094,-1.5548781,0.9756098,110.73171
154,1.0019531,-0.30273438,0.26416016,6.9512196,9.542684,87.164635
154,1.1196289,-0.26416016,0.3413086,15.091464,17.591463,51.067074
154,0.95166016,-0.17919922,0.38989258,-1.0060976,11.463415,27.713415
154,0.8835449,-0.2019043,0.4248047,-16.067074,3.3841465,4.115854
154,1.1242676,-0.3161621,0.4116211,-4.756098,-2.8048782,-47.164635
154,1.0065918,-0.34326172,0.4650879,0.85365856,-21.036587,-88.993904
154,0.78759766,-0.36645508,0.5119629,-0.9756098,-31.890245,-117.59147
154,0.8857422,-0.33398438,0.45629883,8.810976,-3.5975611,-130.06097
154,1.0043945,-0.2368164,0.39233398,11.676829,3.3841465,-130.67073
154,0.9851074,-0.17504883,0.31079102,-10.060976,7.804878,-125.21342
154,0.8803711,-0.20458984,0.25463867,-33.414635,14.756098,-89.72561
154,0.7583008,-0.2006836,0.26171875,-30.792685,15.762196,-59.32927
154,0.7001953,-0.14892578,0.25268555,-36.98171,17.042683,-38.59756
154,0.77368164,-0.21386719,0.23095703,-70.54878,19.146341,-29.054878
154,0.80688477,-0.29125977,0.21313477,-81.585365,20.304878,-27.865854
154,0.81884766,-0.3540039,0.22143555,-79.20732,20.365854,-32.317074
154,0.7817383,-0.3894043,0.2631836,-60.823174,12.957317,-44.48171
154,0.7993164,-0.44311523,0.3239746,-34.207317,7.987805,-59.237804
154,0.8417969,-0.48120117,0.39624023,-11.097561,0.51829267,-82.10366
154,0.9914551,-0.54467773,0.47583008,3.4146342,-6.8597565,-101.79878
154,1.5153809,-0.6455078,0.50512695,22.37805,-3.628049,-100.06098
154,1.5112305,-0.5974121,0.52490234,22.774391,-16.737804,-77.07317
154,0.85913086,-0.30615234,0.4580078,8.20122,0.88414633,1.8597561
154,0.89208984,-0.15991211,0.43969727,31.524391,-3.2926831,51.12805
154,1.0319824,-0.25024414,0.43823242,42.530487,7.164634,86.493904
154,0.96533203,-0.34326172,0.37451172,44.69512,19.390244,106.371956
154,1.0412598,-0.3894043,0.37963867,68.810974,12.256098,153.10976
154,0.7836914,-0.11645508,0.28515625,146.0061,4.268293,154.14635
154,0.7248535,-0.0925293,0.35058594,102.926834,51.28049,99.664635
155,0.8051758,0.14282227,0.42382813,-65.73171,44.05488,113.14024
155,0.75439453,-0.23803711,0.20166016,-102.31708,35.97561,133.99391
155,0.85913086,-0.2626953,0.20336914,-53.810978,30.396341,85.97561
155,0.95654297,-0.27856445,0.2524414,-22.012196,31.79878,64.90854
155,1.0217285,-0.33422852,0.234375,-4.390244,34.878048,49.84756
155,0.99780273,-0.19726563,0.23730469,-19.29878,44.542683,26.09756
155,0.892334,-0.1665039,0.3083496,-35.030487,27.530489,2.3475611
155,1.0957031,-0.22021484,0.33447266,-42.286587,25.213415,-29.146341
155,1.0441895,-0.31713867,0.3864746,-57.164635,-1.2804878,-83.90244
155,0.8137207,-0.37426758,0.48339844,-52.10366,-24.146341,-112.40854
155,0.67041016,-0.36499023,0.50756836,-37.92683,-20.274391,-117.04269
155,0.8664551,-0.35180664,0.50390625,1.4024391,-19.024391,-119.05488
155,0.9650879,-0.29418945,0.49804688,38.963417,-23.07927,-109.7561
155,0.93652344,-0.19555664,0.45581055,49.634148,-25.640245,-93.78049
155,0.7932129,-0.08959961,0.43481445,26.09756,-16.95122,-76.493904
155,0.6765137,-0.05053711,0.45825195,-23.414635,-9.054878,-70.15244
155,0.70336914,-0.16552734,0.36791992,-82.560974,8.445122,-59.17683
155,0.7824707,-0.27807617,0.3330078,-95.701225,22.164635,-60.457317
155,0.80493164,-0.34643555,0.36914063,-69.23781,18.018293,-49.146343
155,0.80810547,-0.41845703,0.40429688,-57.5,19.054878,-49.237804
155,0.73779297,-0.51416016,0.44995117,-33.35366,11.981708,-56.615856
155,0.8095703,-0.5214844,0.4802246,-8.04878,10.914635,-69.63415
155,0.9411621,-0.46923828,0.48706055,0.24390244,8.170732,-81.25
155,1.3295898,-0.5739746,0.47583008,0.45731708,10.54878,-70.7622
155,1.5078125,-0.56640625,0.47607422,11.768293,1.6463416,-37.5
155,1.0488281,-0.33764648,0.46118164,11.006098,-5.304878,7.408537
155,0.6237793,-0.171875,0.40429688,10.670732,-3.7195122,80.335365
155,0.9814453,-0.19946289,0.3930664,21.493902,-2.3170733,102.19512
155,0.9680176,-0.27075195,0.36083984,21.067074,3.140244,113.84147
155,1.0200195,-0.40576172,0.2993164,28.75,0.6402439,135.45732
155,1.0498047,-0.31762695,0.30908203,68.32317,-4.542683,144.72562
156,0.95092773,-0.1940918,0.31469727,86.06708,-4.8170733,154.72562
156,0.8774414,-0.119140625,0.31103516,55.365856,2.012195,152.46951
156,0.8378906,-0.16894531,0.29858398,17.92683,0.36585367,138.26219
156,0.8195801,-0.23486328,0.26660156,-8.567074,-0.33536586,122.10366
156,0.8293457,-0.2626953,0.24633789,-13.719513,2.835366,89.69512
156,0.8334961,-0.26611328,0.24291992,-6.615854,5.2439027,70.03049
156,0.91381836,-0.2553711,0.28173828,4.115854,12.012196,40.396343
156,0.8737793,-0.22192383,0.36621094,7.560976,17.439024,0.18292683
156,0.8708496,-0.19335938,0.40576172,-9.268293,18.506098,-26.158537
156,1.0625,-0.20239258,0.4152832,-28.932928,20.70122,-68.53659
156,0.99438477,-0.32080078,0.52124023,-52.621952,-7.682927,-128.84146
156,0.82543945,-0.38061523,0.5957031,-53.75,-20.670732,-150.12195
156,0.79956055,-0.38989258,0.6140137,-33.384148,-20.15244,-152.31708
156,0.9536133,-0.35058594,0.56030273,20.243902,-23.993902,-139.93903
156,0.9772949,-0.24707031,0.45361328,42.19512,-22.256098,-123.2622
156,0.9526367,-0.1821289,0.3708496,41.98171,-14.481708,-102.04269
156,0.7392578,-0.10986328,0.37182617,16.40244,-7.4390244,-84.32927
156,0.6760254,-0.1550293,0.35473633,-26.646341,1.9512196,-74.29878
156,0.7468262,-0.23999023,0.3293457,-58.20122,12.591464,-65.18293
156,0.8684082,-0.3190918,0.35498047,-57.317074,16.09756,-47.286587
156,0.861084,-0.42041016,0.38232422,-46.707317,12.865854,-33.536587
156,0.8220215,-0.43139648,0.4494629,-34.69512,9.207317,-32.34756
156,0.79345703,-0.44360352,0.49291992,-23.231709,5.8536587,-29.024391
156,0.8215332,-0.46777344,0.47216797,-17.134148,0.945122,-37.012196
156,0.9951172,-0.51123047,0.47558594,1.1890244,0.7621951,-36.798782
156,1.5375977,-0.61157227,0.49047852,30.609756,-6.8292685,-26.036587
156,1.0495605,-0.46850586,0.43481445,39.207317,-12.073171,8.353659
156,0.68603516,-0.3708496,0.37304688,46.82927,-6.646342,61.219513
156,1.1210938,-0.23071289,0.3569336,82.621956,-2.2865853,109.20732
156,1.0957031,-0.23168945,0.31884766,80.18293,0.12195122,128.07927
156,1.064209,-0.31030273,0.28857422,74.48171,4.512195,137.13416
157,0.984375,-0.24047852,0.2788086,93.35366,5.304878,161.55489
157,0.88012695,-0.13330078,0.23779297,77.98781,9.634147,152.7744
157,0.8635254,-0.12841797,0.29052734,37.286587,10.6402445,151.92073
157,0.91845703,-0.25073242,0.24121094,0.85365856,5.8536587,151.37195
157,0.8857422,-0.24560547,0.22729492,-10.121951,7.865854,127.5
157,0.92211914,-0.28759766,0.21826172,-8.902439,8.567074,111.34147
157,1.0036621,-0.24511719,0.2553711,8.780488,11.036586,83.201225
157,1.0771484,-0.15039063,0.3100586,14.603659,18.07927,53.170734
157,0.94799805,-0.056396484,0.34521484,-3.5670733,17.591463,21.707317
157,1.1572266,-0.099121094,0.36791992,-52.560978,15.6402445,-27.560976
157,1.2565918,-0.2939453,0.4272461,-63.841465,4.115854,-79.78659
157,0.9501953,-0.34960938,0.52001953,-52.317074,-18.07927,-117.59147
157,0.6826172,-0.33007813,0.60058594,-30.487806,-17.743902,-131.64635
157,0.8154297,-0.359375,0.5822754,3.140244,-12.77439,-131.61586
157,0.96899414,-0.24243164,0.5107422,35.15244,-4.390244,-120.85366
157,0.91674805,-0.01928711,0.37182617,11.036586,5.7012196,-110.60976
157,0.84350586,-0.010986328,0.3173828,-36.280487,12.439025,-112.65244
157,0.7529297,-0.09057617,0.29467773,-93.75,18.414635,-115.27439
157,0.81103516,-0.30444336,0.25268555,-141.95122,37.530487,-110.57927
157,0.84643555,-0.38964844,0.22338867,-128.93292,44.60366,-91.46342
157,0.9094238,-0.46875,0.26342773,-98.62805,40.97561,-91.46342
157,0.8376465,-0.5678711,0.36279297,-57.439026,29.054878,-92.2561
157,0.7819824,-0.5739746,0.39208984,-37.65244,24.085367,-96.0061
157,0.8286133,-0.5996094,0.38867188,-26.615854,16.737804,-105.335365
157,1.0275879,-0.76000977,0.3647461,10.945122,5.335366,-87.31708
157,1.2324219,-0.74194336,0.33520508,57.042683,-3.5365853,-41.219513
157,1.3261719,-0.5566406,0.3737793,86.189026,-23.658537,1.6768293
157,0.8093262,-0.27954102,0.44848633,48.963417,-21.95122,61.95122
157,0.8635254,-0.32128906,0.4020996,16.79878,-17.34756,93.35366
157,1.0458984,-0.40673828,0.3581543,13.04878,-8.689025,113.201225
158,1.0510254,-0.51904297,0.26611328,38.048782,-14.45122,128.53659
158,1.1518555,-0.45361328,0.23022461,80.48781,-14.115854,148.81097
158,1.1032715,-0.30151367,0.24389648,127.86586,-20.42683,163.2317
158,1.0144043,-0.16992188,0.25585938,156.85976,-13.506098,185.97562
158,0.9658203,-0.068603516,0.24047852,105.518295,3.0792685,168.07927
158,0.98217773,-0.08886719,0.27539063,34.05488,8.079268,159.05489
158,0.97387695,-0.24072266,0.24707031,-18.353659,7.5914636,144.35976
158,0.98339844,-0.23901367,0.25512695,-31.737806,12.134147,124.42074
158,1.0739746,-0.24316406,0.29370117,-22.042683,11.707317,110.88415
158,1.0483398,-0.0769043,0.3251953,-1.097561,21.67683,70.88415
158,0.8901367,0.01586914,0.36083984,-16.310976,16.493902,40.487804
158,1.0285645,-0.043945313,0.39282227,-41.219513,18.140244,-4.420732
158,1.1333008,-0.2770996,0.43847656,-51.52439,9.481708,-85.88415
158,0.9042969,-0.4099121,0.5205078,-40.335365,-14.634147,-125.18293
158,0.7492676,-0.3857422,0.56640625,-16.371952,-11.52439,-148.38416
158,0.9121094,-0.33251953,0.54663086,35.518295,-11.463415,-151.82927
158,0.9946289,-0.23217773,0.4885254,65.7622,-13.993903,-153.84146
158,0.97436523,-0.10424805,0.4050293,47.40854,-17.256098,-149.7561
158,0.8444824,-0.06738281,0.32373047,-14.115854,-4.6341467,-142.98781
158,0.7919922,-0.0925293,0.3166504,-63.841465,2.8658538,-139.29878
158,0.8327637,-0.23852539,0.27539063,-110.48781,19.146341,-133.04878
158,0.84936523,-0.36279297,0.23388672,-106.0061,32.286587,-105.48781
158,0.907959,-0.41333008,0.27612305,-86.189026,27.073172,-96.40244
158,0.8959961,-0.48876953,0.34887695,-75.70122,17.134148,-86.06708
158,0.8276367,-0.5480957,0.3930664,-62.317074,12.682927,-77.31708
158,0.8430176,-0.6015625,0.3852539,-54.542683,7.4695125,-83.32317
158,0.94628906,-0.7158203,0.39282227,-29.390245,1.3414634,-75.88415
158,1.2416992,-0.8234863,0.39453125,32.19512,-13.597561,-30.060976
158,1.2910156,-0.671875,0.43408203,74.72561,-30.396341,11.737805
158,0.9421387,-0.3540039,0.4645996,76.28049,-28.689026,56.09756
158,1.052002,-0.24316406,0.41503906,46.707317,-14.45122,114.847565
159,1.0976563,-0.29589844,0.35986328,43.780487,-7.1341467,136.40244
159,1.1523438,-0.38891602,0.32617188,54.939026,-8.871951,150.42683
159,1.2119141,-0.36767578,0.33129883,95.57927,-4.3292685,173.04878
159,1.1259766,-0.25854492,0.35180664,126.64635,-1.6768293,201.5244
159,1.0507813,-0.06591797,0.31079102,116.61586,11.006098,192.56097
159,0.94018555,-0.061279297,0.29907227,39.17683,20.884148,196.9817
159,0.8847656,-0.19360352,0.25439453,-4.512195,14.146341,182.71342
159,0.8847656,-0.23388672,0.23852539,-19.695122,16.585365,149.7561
159,0.85546875,-0.27148438,0.21191406,-22.042683,13.75,110.39635
159,0.90649414,-0.27929688,0.23046875,-13.902439,15.304878,75.45732
159,1.0410156,-0.22802734,0.26586914,-1.890244,22.317074,37.317074
159,0.86376953,-0.064941406,0.32495117,-10.670732,13.719513,-12.195122
159,1.057373,-0.10180664,0.34375,-29.481709,4.359756,-54.207317
159,1.1499023,-0.3244629,0.42089844,-28.109756,-12.195122,-109.57317
159,0.93408203,-0.48364258,0.5900879,9.908537,-42.317074,-155.82318
159,0.84936523,-0.4248047,0.58496094,46.585365,-29.87805,-160.94513
159,0.8820801,-0.26049805,0.49829102,71.097565,-29.817074,-145.88416
159,0.9470215,-0.044677734,0.37695313,63.719513,-29.756098,-133.78049
159,0.9782715,0.007568359,0.3540039,27.37805,-24.207317,-118.414635
159,0.9025879,-0.026123047,0.3515625,-8.231708,-17.957317,-110.03049
159,0.73095703,-0.1418457,0.3557129,-77.37805,-8.810976,-104.39024
159,0.77075195,-0.3005371,0.30615234,-131.67683,8.567074,-100.30488
159,0.85131836,-0.41235352,0.28173828,-138.41464,25.823172,-88.597565
159,0.88623047,-0.46313477,0.3149414,-91.85976,22.37805,-73.90244
159,0.8586426,-0.4663086,0.3540039,-52.469513,15.6707325,-69.69512
159,0.80810547,-0.46411133,0.39575195,-22.37805,9.054878,-64.60366
159,0.85058594,-0.49121094,0.44213867,-11.554878,-2.0731707,-71.43293
159,0.98461914,-0.5708008,0.44848633,-6.432927,-4.5731707,-66.89024
159,1.442627,-0.7038574,0.4416504,11.402439,-6.097561,-45.15244
159,1.2814941,-0.43774414,0.44726563,29.512196,-19.268293,5.9451222
159,0.8598633,-0.23071289,0.43432617,27.713415,-13.75,57.439026
160,0.91503906,-0.1809082,0.37353516,30.57927,-11.981708,95.60976
160,1.0378418,-0.27172852,0.3486328,31.920732,-2.1036587,121.768295
160,1.0402832,-0.35791016,0.3173828,40.57927,-3.932927,135.57927
160,1.0488281,-0.36450195,0.27514648,66.310974,-1.1585367,148.71951
160,0.9555664,-0.18774414,0.23339844,123.2622,-2.652439,182.22562
160,0.85180664,-0.07910156,0.24780273,106.31098,7.164634,158.2317
160,0.86157227,0.008789063,0.2944336,28.810976,14.634147,153.0183
160,0.81811523,-0.26782227,0.23242188,-41.0061,9.72561,133.17073
160,0.8642578,-0.25878906,0.22143555,-57.469513,21.432928,93.04878
160,0.9001465,-0.3178711,0.20288086,-56.646343,19.695122,66.585365
160,1.0566406,-0.35107422,0.22216797,-21.371952,19.420732,39.45122
160,1.0593262,-0.27124023,0.2836914,9.02439,20,17.042683
160,0.96899414,-0.25561523,0.33911133,16.707317,7.865854,-6.737805
160,1.184082,-0.30932617,0.35961914,10.457317,1.9817073,-51.463417
160,0.99560547,-0.32958984,0.43945313,4.1463413,-27.37805,-96.73781
160,0.79052734,-0.37841797,0.5324707,4.4817076,-45.121952,-118.75
160,0.7524414,-0.35742188,0.52368164,24.573172,-32.286587,-115.45732
160,0.9284668,-0.2861328,0.4885254,46.15854,-28.506098,-104.60366
160,0.9187012,-0.16259766,0.44213867,48.475613,-25.304878,-90.15244
160,0.8173828,-0.055908203,0.37304688,21.432928,-13.292684,-57.19512
160,0.6845703,-0.022949219,0.36401367,-4.054878,-1.9512196,-48.018295
160,0.63671875,-0.076171875,0.36108398,-50.091465,4.542683,-48.384148
160,0.75683594,-0.28076172,0.33789063,-95.60976,22.774391,-53.20122
160,0.826416,-0.37475586,0.3642578,-88.506096,27.92683,-45
160,0.85009766,-0.43676758,0.4111328,-66.12805,26.554878,-40.94512
160,0.7609863,-0.46875,0.44702148,-33.689026,19.481709,-47.80488
160,0.79125977,-0.5036621,0.4580078,-10.060976,17.5,-55.823174
160,0.8964844,-0.4880371,0.46191406,11.493903,10.030488,-67.256096
160,1.1391602,-0.48242188,0.4321289,14.115854,5.6097565,-63.78049
160,1.4836426,-0.51049805,0.43945313,11.554878,0.57926834,-51.52439
161,1.2963867,-0.44311523,0.44458008,4.542683,-10.304878,-27.37805
161,0.6623535,-0.3413086,0.32592773,-5.9451222,-5,38.23171
161,0.86938477,-0.2980957,0.24169922,25.396341,-14.359756,77.22561
161,0.98999023,-0.28710938,0.22216797,62.621952,-18.47561,92.65244
161,0.9975586,-0.31958008,0.20092773,98.018295,-21.615854,108.689026
161,0.9958496,-0.26098633,0.2565918,114.54269,-12.103659,129.57318
161,0.87475586,-0.18774414,0.1953125,124.72562,-23.384148,155.70122
161,0.8166504,-0.08520508,0.24243164,77.86585,-8.018292,123.10976
161,0.79663086,-0.09277344,0.22265625,-0.27439025,-13.963415,138.5061
161,0.7495117,-0.24633789,0.18554688,-30.304878,-26.341465,117.59147
161,0.8564453,-0.32543945,0.25634766,-8.658537,-28.384148,84.02439
161,0.9440918,-0.37524414,0.28100586,30.762196,-20.121952,67.65244
161,1.1062012,-0.31811523,0.3178711,59.359756,-5.304878,50.213417
161,1.1374512,-0.15844727,0.36669922,54.085365,13.414635,12.195122
161,1.1330566,-0.084472656,0.3828125,8.75,17.164635,-22.743902
161,1.2189941,-0.15576172,0.41601563,-47.743904,16.707317,-69.32927
161,0.98950195,-0.36254883,0.4716797,-83.04878,-14.634147,-122.835365
161,0.7675781,-0.45288086,0.5126953,-68.75,-20.060976,-130.09146
161,0.7570801,-0.40356445,0.43579102,-23.719513,-12.530488,-106.98171
161,0.92456055,-0.25878906,0.29052734,51.15854,-1.1585367,-78.44512
161,0.9267578,-0.15063477,0.19848633,72.68293,-5.792683,-57.042683
161,0.92626953,-0.05517578,0.19995117,62.2561,-0.06097561,-45.243904
161,0.73461914,-0.004882813,0.29858398,-5.670732,-1.6158537,-36.95122
161,0.67871094,-0.13330078,0.30493164,-79.085365,7.530488,-37.164635
161,0.7026367,-0.25170898,0.2734375,-108.84147,24.786587,-33.140244
161,0.7336426,-0.2902832,0.26904297,-102.37805,26.707317,-27.469513
161,0.75390625,-0.32592773,0.29956055,-91.097565,25.731709,-29.024391
161,0.7570801,-0.40820313,0.37109375,-66.676834,16.707317,-34.542683
161,0.76660156,-0.47143555,0.42993164,-29.207317,7.4390244,-44.725613
161,0.8227539,-0.4658203,0.45532227,-11.280488,-0.15243903,-54.390244
161,0.9484863,-0.43798828,0.4609375,-3.5975611,-1.1890244,-60.396343
162,1.3930664,-0.4086914,0.4736328,-7.77439,-0.73170733,-59.207317
162,1.3793945,-0.3310547,0.48828125,-41.859756,-3.9939024,-48.567074
162,0.89282227,-0.32592773,0.36914063,-100.67073,-5.8841467,-18.59756
162,0.78930664,-0.4753418,0.2854004,-87.31708,-9.603659,49.634148
162,1.0546875,-0.45654297,0.2614746,4.878049,-27.987806,77.560974
162,0.9885254,-0.44799805,0.23461914,73.07927,-27.743902,87.71342
162,1.0256348,-0.36083984,0.27905273,119.78659,-33.07927,111.676834
162,0.99487305,-0.14355469,0.28051758,157.71342,-46.890244,155.5183
162,0.68310547,-0.024414063,0.21557617,202.34756,-28.109756,86.493904
162,0.6843262,-0.042236328,0.3461914,23.841463,41.310978,64.81708
162,0.7685547,-0.122558594,0.35864258,-132.89635,8.536586,67.5
162,0.80566406,-0.49047852,0.17944336,-104.35976,-2.9268293,69.176834
162,0.8684082,-0.32666016,0.25195313,39.878048,6.8597565,20.335367
162,1.0175781,-0.3190918,0.2548828,62.560978,21.524391,11.463415
162,1.2160645,-0.2915039,0.26000977,50.85366,30.091465,-0.70121956
162,1.057373,-0.12695313,0.328125,8.963415,30.792685,-26.707317
162,1.2563477,-0.16381836,0.3569336,-32.2561,27.164635,-47.865856
162,1.3486328,-0.28588867,0.39233398,-62.19512,17.439024,-77.743904
162,0.8466797,-0.37597656,0.48413086,-67.439026,-20.762196,-93.14024
162,0.63012695,-0.38305664,0.43286133,-50.94512,-8.018292,-71.61585
162,0.74780273,-0.3046875,0.3491211,-10.670732,-0.15243903,-47.164635
162,0.91186523,-0.19042969,0.27734375,41.98171,-7.042683,-30.457317
162,0.9157715,-0.115234375,0.26342773,42.713417,-6.5853662,-19.908537
162,0.7832031,-0.095214844,0.28442383,24.786587,-4.6341467,-15.914635
162,0.58496094,-0.13549805,0.32788086,-23.445122,-5.7012196,-17.774391
162,0.6105957,-0.2319336,0.34765625,-59.390244,3.7195122,-25.762196
162,0.673584,-0.30932617,0.32714844,-70.54878,13.323171,-27.621952
162,0.73535156,-0.38916016,0.31298828,-46.15854,7.7439027,-28.810976
162,0.71313477,-0.38745117,0.3798828,-4.6951222,7.6219516,-41.25
162,0.75512695,-0.40771484,0.44628906,14.176829,-8.04878,-37.469513
163,0.8779297,-0.46923828,0.4963379,29.085367,-13.018293,-50.365856
163,0.9873047,-0.44360352,0.49853516,32.10366,-10.091464,-54.268295
163,1.1635742,-0.42089844,0.43432617,19.908537,-1.9207318,-49.69512
163,1.4641113,-0.41577148,0.47998047,14.72561,-0.70121956,-39.939026
163,1.0107422,-0.3461914,0.42529297,-13.47561,-5.0609756,-18.323172
163,0.7336426,-0.3630371,0.3552246,-32.713417,6.615854,32.92683
163,1.0751953,-0.34106445,0.35253906,29.29878,0.73170733,68.10976
163,1.0585938,-0.32104492,0.32666016,66.43293,-1.5853659,81.768295
163,1.0566406,-0.30664063,0.29638672,76.310974,5,103.56708
163,0.88842773,-0.14477539,0.25024414,116.55488,8.780488,114.14635
163,0.7272949,-0.119384766,0.26293945,97.37805,12.530488,109.48171
163,0.6855469,0.009277344,0.3466797,-16.067074,13.262196,85.18293
163,0.6660156,-0.29003906,0.19799805,-71.768295,6.768293,113.93293
163,0.81469727,-0.31030273,0.23266602,-24.603659,2.195122,64.29878
163,0.91381836,-0.28735352,0.23730469,2.5609756,18.932928,42.65244
163,1.0134277,-0.2841797,0.20776367,-2.6219513,27.896341,28.231709
163,1.1159668,-0.21606445,0.2536621,-12.987805,37.65244,6.920732
163,1.036377,-0.14941406,0.27978516,-26.615854,34.32927,-15.823171
163,1.020752,-0.21289063,0.3010254,-62.317074,21.189024,-43.35366
163,1.2121582,-0.28222656,0.31323242,-69.39024,17.65244,-75.60976
163,1.0996094,-0.3947754,0.375,-61.067074,-9.115854,-111.70732
163,0.7895508,-0.50146484,0.5317383,-24.45122,-34.664635,-127.743904
163,0.7446289,-0.46240234,0.5588379,28.62805,-27.469513,-110.82317
163,0.8881836,-0.34106445,0.5029297,75.79269,-23.20122,-79.45122
163,0.92749023,-0.08325195,0.36914063,74.5122,-18.90244,-37.987804
163,0.8522949,0.05029297,0.35180664,35.182926,-5.182927,-22.865854
163,0.68115234,0.06616211,0.38012695,-21.341463,-0.91463417,-19.84756
163,0.5942383,-0.11669922,0.35717773,-109.96951,14.817074,-23.414635
163,0.6550293,-0.28393555,0.28857422,-126.15854,25.182928,-21.585367
163,0.748291,-0.39892578,0.3239746,-87.04269,36.890244,-21.554878
163,0.8010254,-0.4567871,0.3857422,-47.5,28.59756,-24.908537
164,0.74731445,-0.5046387,0.42944336,-23.90244,16.890244,-34.786587
164,0.77490234,-0.4777832,0.4519043,11.554878,14.695123,-39.17683
164,0.89282227,-0.37329102,0.47924805,35.57927,3.262195,-57.560978
164,1.0981445,-0.35668945,0.45458984,28.689026,5.914634,-59.298782
164,1.4782715,-0.38208008,0.4975586,16.25,5.487805,-61.707317
164,1.1091309,-0.2783203,0.5070801,-28.506098,-6.3109756,-38.963417
164,0.7163086,-0.33496094,0.41064453,-48.44512,4.359756,10.609756
164,0.93481445,-0.3383789,0.33007813,-6.5853662,2.2560976,50.27439
164,1.0266113,-0.30810547,0.32299805,64.69512,-8.597561,79.20732
164,1.0476074,-0.32714844,0.28515625,90.82317,-2.957317,102.40854
164,0.96362305,-0.24487305,0.3227539,108.53659,-0.6707317,110.94512
164,0.79125977,-0.09838867,0.36816406,98.23171,6.0365853,132.5
164,0.7402344,-0.09008789,0.36694336,46.310978,12.286586,132.10367
164,0.7775879,-0.13891602,0.33789063,13.231708,11.8902445,129.17683
164,0.79956055,-0.2319336,0.31054688,-3.75,11.310976,108.62805
164,0.81933594,-0.23803711,0.28686523,-8.658537,18.658537,88.29269
164,0.83325195,-0.25561523,0.26733398,-11.554878,21.036587,65.54878
164,0.92285156,-0.2824707,0.28027344,-12.012196,27.042683,26.554878
164,0.94189453,-0.25512695,0.28979492,-12.5,28.20122,-7.682927
164,0.9370117,-0.24414063,0.3232422,-27.560976,23.658537,-38.5061
164,1.265625,-0.30688477,0.33862305,-49.48171,18.689024,-93.14024
164,1.0871582,-0.39526367,0.44018555,-60,-11.585366,-131.79878
164,0.84350586,-0.4675293,0.5739746,-50.823174,-32.134148,-140.06097
164,0.7480469,-0.36572266,0.5739746,-3.780488,-24.481709,-110.426834
164,0.9663086,-0.28125,0.5131836,46.768295,-25.731709,-79.5122
164,0.92333984,-0.119140625,0.42114258,73.018295,-26.219513,-39.664635
164,0.82250977,0.10888672,0.37548828,41.219513,-14.481708,-5.8841467
164,0.64404297,0.10424805,0.40649414,-10.182927,-9.969512,-9.817074
164,0.5661621,-0.036376953,0.41064453,-67.68293,-5.2439027,-20.487804
164,0.65356445,-0.2783203,0.3798828,-111.43293,17.804878,-41.341465
165,0.71875,-0.42358398,0.3647461,-92.19512,25.792683,-36.0061
165,0.7883301,-0.4790039,0.38012695,-44.48171,23.262196,-43.719513
165,0.720459,-0.46166992,0.42749023,12.103659,9.481708,-54.969513
165,0.80981445,-0.4465332,0.47070313,40.121952,2.9268293,-61.55488
165,0.89819336,-0.4050293,0.5048828,52.987804,-2.652439,-71.61585
165,1.126709,-0.3762207,0.49389648,28.506098,-3.75,-72.59147
165,1.5395508,-0.4345703,0.517334,10.670732,-0.6707317,-61.493904
165,1.2209473,-0.4008789,0.513916,-6.158537,-10.335366,-24.817074
165,0.7114258,-0.3178711,0.42700195,-1.8597561,-0.88414633,51.09756
165,1.020752,-0.21386719,0.3779297,32.012196,-1.9512196,86.70732
165,1.0244141,-0.19677734,0.3491211,47.073174,-1.1890244,109.14635
165,0.9655762,-0.30664063,0.2705078,47.682926,-0.15243903,126.52439
165,0.9716797,-0.2861328,0.29174805,65.60976,-1.25,135.67073
165,0.8220215,-0.21166992,0.33422852,75.97561,-6.158537,142.34756
165,0.72094727,-0.14453125,0.2993164,34.969513,2.5914636,140.15244
165,0.7602539,-0.19384766,0.28173828,9.939025,0.4878049,120.85366
165,0.8408203,-0.26000977,0.26635742,-4.9390244,-1.1280488,101.92073
165,0.88720703,-0.2619629,0.24975586,-8.719512,4.6341467,71.73781
165,0.9260254,-0.26416016,0.2644043,-1.9512196,4.847561,52.19512
165,1.0617676,-0.2043457,0.29760742,5.5487804,14.634147,29.817074
165,1.0402832,-0.1315918,0.3544922,-6.890244,16.737804,-2.5304878
165,1.0637207,-0.1418457,0.3828125,-29.634148,13.353659,-25.335367
165,1.307373,-0.22851563,0.38720703,-42.134148,16.524391,-59.69512
165,0.9970703,-0.3803711,0.47558594,-38.35366,-18.262196,-111.34147
165,0.7233887,-0.4182129,0.5620117,-18.353659,-28.841465,-121.70732
165,0.7270508,-0.38354492,0.5625,15.182927,-19.908537,-110
165,0.9748535,-0.23242188,0.4892578,56.707317,-8.414635,-84.72561
165,0.94189453,-0.05419922,0.3984375,43.65854,-6.0365853,-62.53049
165,0.8461914,0.026123047,0.3466797,5.4268293,3.9634147,-54.390244
165,0.63916016,-0.04296875,0.35546875,-51.920734,5.4573174,-49.542683
165,0.6328125,-0.16137695,0.34301758,-102.19512,14.664635,-55.091465
166,0.71899414,-0.3088379,0.28686523,-116.189026,29.32927,-53.170734
166,0.7680664,-0.4194336,0.2709961,-77.19512,25.487806,-41.615856
166,0.7729492,-0.44995117,0.31274414,-43.65854,21.067074,-45.27439
166,0.7351074,-0.4609375,0.35473633,-9.786586,9.512196,-49.359756
166,0.751709,-0.45385742,0.4519043,25.914635,-6.4939027,-64.29878
166,0.8625488,-0.4555664,0.49975586,37.10366,-11.097561,-76.097565
166,1.1074219,-0.48608398,0.5048828,37.865856,-8.963415,-77.10366
166,1.5854492,-0.47143555,0.55249023,29.573172,-9.664635,-75.15244
166,1.0891113,-0.36035156,0.46264648,1.3719512,-14.4207325,-38.292683
166,0.7236328,-0.3347168,0.39770508,-1.4939024,-0.70121956,29.786587
166,0.9819336,-0.18432617,0.3330078,59.298782,-7.652439,90.335365
166,1.0373535,-0.19335938,0.30493164,86.493904,-3.4756098,120.09147
166,1.0754395,-0.23632813,0.30566406,89.7561,4.359756,132.04268
166,0.998291,-0.15136719,0.33081055,70.88415,15.365854,152.19513
166,0.8371582,-0.13574219,0.34936523,44.48171,16.432928,166.15854
166,0.79711914,-0.1640625,0.32861328,-1.8292683,21.859756,159.32927
166,0.8527832,-0.25854492,0.2902832,-18.414635,14.542684,144.17683
166,0.89819336,-0.27368164,0.26635742,-25.182928,14.908537,120.15244
166,0.953125,-0.28881836,0.24243164,-25.762196,18.07927,99.268295
166,0.9951172,-0.27539063,0.24731445,-12.256098,19.939024,73.32317
166,1.0476074,-0.23999023,0.26391602,-0.42682928,23.567074,51.737804
166,0.9313965,-0.18652344,0.28198242,0.36585367,18.170732,26.280489
166,0.96313477,-0.22314453,0.3034668,-13.445123,7.164634,-12.591464
166,1.043457,-0.30126953,0.3005371,-22.37805,-2.8963416,-63.23171
166,0.9133301,-0.39453125,0.36547852,-23.658537,-32.164635,-111.64635
166,0.7438965,-0.4440918,0.5751953,1.3109757,-49.298782,-139.60367
166,0.84716797,-0.4140625,0.6311035,32.134148,-40.42683,-133.29268
166,1.0268555,-0.3474121,0.5317383,63.536587,-25.762196,-105.54878
166,0.982666,-0.056396484,0.42504883,62.98781,-24.45122,-78.2622
166,0.87280273,0.08251953,0.41455078,17.317074,-11.219513,-68.53659
167,0.7023926,0.075683594,0.41381836,-38.048782,-6.646342,-64.48171
167,0.6394043,-0.13745117,0.36499023,-123.018295,11.402439,-66.12805
167,0.6904297,-0.3059082,0.28222656,-143.96342,22.682928,-58.475613
167,0.7492676,-0.46020508,0.24975586,-103.201225,39.32927,-57.164635
167,0.83251953,-0.45776367,0.29907227,-48.841465,27.713415,-51.067074
167,0.79833984,-0.5209961,0.38085938,-21.463415,20.70122,-53.871952
167,0.78881836,-0.5065918,0.47265625,10.304878,11.768293,-61.219513
167,0.8796387,-0.42651367,0.5065918,21.067074,0.24390244,-72.53049
167,1.0949707,-0.42651367,0.47705078,4.9695125,1.7073171,-73.32317
167,1.4763184,-0.49047852,0.46557617,-5.640244,-0.70121956,-66.98171
167,1.1213379,-0.46435547,0.4416504,-8.1402445,-10.121951,-19.512196
167,0.6894531,-0.3642578,0.39501953,6.3109756,-4.4817076,40.94512
167,0.96899414,-0.24707031,0.34936523,43.384148,-9.481708,84.69512
167,1.0700684,-0.23510742,0.30541992,73.78049,-4.5731707,113.53659
167,1.0644531,-0.30029297,0.26635742,78.993904,0.36585367,127.2561
167,1.0581055,-0.27685547,0.27563477,85.97561,3.6585367,133.10976
167,0.85375977,-0.16015625,0.3310547,81.82927,3.5975611,147.5
167,0.75219727,-0.12573242,0.3125,33.993904,11.768293,147.71342
167,0.7832031,-0.17822266,0.29858398,7.560976,6.2195125,143.99391
167,0.80371094,-0.26293945,0.26367188,-18.47561,6.4939027,118.018295
167,0.8605957,-0.29858398,0.23339844,-26.158537,7.1036587,95.518295
167,0.9223633,-0.31445313,0.23779297,-22.987806,8.323171,73.506096
167,1.0979004,-0.27661133,0.2878418,-6.5853662,13.932927,44.969513
167,1.0595703,-0.1315918,0.3227539,-7.77439,17.621952,17.164635
167,0.9213867,-0.0390625,0.3557129,-30.487806,8.506098,-8.628049
167,1.2036133,-0.16479492,0.35229492,-55.792683,12.042684,-57.865856
167,1.1748047,-0.34594727,0.40698242,-50.57927,-2.0731707,-101.189026
167,0.8859863,-0.46533203,0.4951172,-23.353659,-25.640245,-127.10366
167,0.7902832,-0.43823242,0.5031738,41.0061,-18.780489,-131.92073
167,0.9445801,-0.32983398,0.4831543,90.060974,-18.780489,-120.121956
168,0.9897461,-0.15454102,0.4243164,98.47561,-25.121952,-99.085365
168,0.92944336,-0.020996094,0.34887695,45.85366,-12.865854,-68.018295
168,0.79956055,-0.003173828,0.35742188,6.128049,-8.567074,-60.85366
168,0.6628418,-0.05493164,0.35253906,-48.841465,-1.8597561,-59.115856
168,0.7121582,-0.23291016,0.27905273,-113.38415,18.445122,-55.884148
168,0.75561523,-0.30566406,0.2434082,-115.67074,27.012196,-45.57927
168,0.76049805,-0.34204102,0.23461914,-105,22.92683,-44.69512
168,0.7385254,-0.43310547,0.28564453,-76.03659,15.335366,-45.884148
168,0.77563477,-0.49780273,0.359375,-36.82927,6.8597565,-54.60366
168,0.8449707,-0.5102539,0.43188477,-3.9634147,0.27439025,-68.47561
168,1.0537109,-0.51708984,0.45751953,23.140244,-7.77439,-79.78659
168,1.4599609,-0.51171875,0.5024414,37.987804,-7.865854,-70.060974
168,1.4367676,-0.41333008,0.50927734,37.469513,-19.268293,-50.457317
168,0.77563477,-0.328125,0.42700195,11.95122,-13.018293,27.256098
168,0.7727051,-0.29663086,0.32592773,41.737804,-18.292683,78.597565
168,1.0124512,-0.20996094,0.3095703,90.03049,-11.036586,108.414635
168,1.0737305,-0.2084961,0.32470703,100.335365,2.2560976,129.4817
168,1.1621094,-0.21313477,0.3400879,83.04878,12.804878,137.80489
168,1.0605469,-0.13061523,0.3371582,68.07927,10.213415,159.4817
168,0.8034668,-0.20898438,0.32543945,75.85366,28.810976,138.75
168,0.8327637,-0.06958008,0.38208008,-20.945122,22.256098,100.15244
168,0.7590332,-0.22607422,0.22851563,-79.29878,23.506098,136.34146
168,0.8510742,-0.2861328,0.22143555,-25.853659,12.957317,89.02439
168,0.9013672,-0.27246094,0.21240234,4.6036587,19.87805,77.53049
168,0.94262695,-0.2763672,0.20605469,10.609756,23.140244,69.5122
168,1.0397949,-0.2121582,0.2722168,9.847561,27.774391,38.323174
168,0.96728516,-0.1340332,0.31103516,-2.4695122,24.45122,10.670732
168,1.0043945,-0.15649414,0.32006836,-32.65244,16.189024,-19.84756
168,1.2304688,-0.33032227,0.34814453,-48.536587,2.5304878,-86.98171
168,1.0336914,-0.47705078,0.48583984,-41.128048,-23.262196,-132.74391
168,0.8359375,-0.48779297,0.57128906,-19.024391,-22.256098,-144.87805
168,0.80908203,-0.36523438,0.5239258,25.365854,-10.762196,-124.7561
169,0.91845703,-0.22070313,0.46972656,49.085365,-8.810976,-103.597565
169,0.90185547,-0.05883789,0.3881836,35.762196,-6.006098,-76.189026
169,0.8635254,0.01977539,0.32495117,6.0670733,7.378049,-42.80488
169,0.7529297,0.006591797,0.35424805,-25.487806,8.353659,-43.993904
169,0.7192383,-0.10107422,0.34960938,-86.676834,14.756098,-51.585365
169,0.7434082,-0.34228516,0.28125,-141.25,35.396343,-48.323174
169,0.73999023,-0.43188477,0.29370117,-117.68293,40.70122,-34.878048
169,0.7253418,-0.47753906,0.34936523,-71.310974,31.493904,-44.90854
169,0.68188477,-0.4951172,0.39111328,-25.274391,21.646341,-55.243904
169,0.7583008,-0.47802734,0.43481445,0.6097561,16.25,-71.097565
169,0.8745117,-0.44311523,0.44213867,9.512196,10.304878,-85.48781
169,1.2290039,-0.4880371,0.42919922,1.7073171,6.890244,-87.77439
169,1.5422363,-0.5888672,0.45117188,1.1890244,-7.3170733,-69.756096
169,1.171875,-0.5541992,0.47387695,16.219513,-16.920732,-22.5
169,0.73828125,-0.30810547,0.4350586,45.243904,-18.719513,54.939026
169,0.90112305,-0.2578125,0.40014648,65.85366,-18.932928,82.835365
169,0.9250488,-0.25756836,0.3486328,70.18293,-10.243902,99.63415
169,1.0078125,-0.31860352,0.30786133,55.121952,-3.2317073,120.09147
169,0.9968262,-0.30639648,0.31030273,63.262196,-3.628049,128.71951
169,0.8808594,-0.23901367,0.34643555,85.30488,-8.323171,136.46342
169,0.7937012,-0.14135742,0.3581543,70.18293,2.6219513,137.86586
169,0.7988281,-0.16577148,0.32641602,32.07317,9.329268,131.7683
169,0.85424805,-0.24047852,0.30029297,16.158537,4.878049,120.64024
169,0.88964844,-0.22583008,0.28076172,6.0365853,15.70122,98.23171
169,0.95214844,-0.21875,0.2866211,1.7987806,19.45122,81.98171
169,1.1228027,-0.2121582,0.33154297,4.115854,27.713415,57.19512
169,1.0410156,-0.091552734,0.36254883,-11.128049,33.262196,20.487804
169,0.8774414,-0.05053711,0.3540039,-47.530487,23.506098,-1.0670732
169,1.1164551,-0.15063477,0.35375977,-70.09147,26.554878,-42.317074
169,1.065918,-0.3486328,0.41235352,-68.90244,1.6768293,-100.97561
169,0.7705078,-0.39404297,0.48901367,-60.42683,-19.664635,-122.5
170,0.7092285,-0.4140625,0.501709,-32.40854,-10.70122,-125.60976
170,0.8745117,-0.34057617,0.47924805,31.79878,-12.469513,-119.87805
170,0.92211914,-0.24560547,0.43774414,51.067074,-15.396342,-110.79269
170,0.9020996,-0.115722656,0.3708496,31.859756,-7.4390244,-90.30488
170,0.7458496,-0.028076172,0.34692383,-19.695122,0.79268295,-75.121956
170,0.6809082,-0.0769043,0.35766602,-70.30488,3.0487804,-71.70732
170,0.69873047,-0.23242188,0.33569336,-110.64024,16.554878,-70.67073
170,0.77856445,-0.39697266,0.3317871,-105.701225,23.841463,-62.896343
170,0.83325195,-0.48291016,0.37841797,-75.48781,23.90244,-65.335365
170,0.7727051,-0.5402832,0.4321289,-49.939026,21.310976,-71.28049
170,0.80615234,-0.5390625,0.45263672,-32.530487,20.030489,-80.335365
170,0.9313965,-0.55029297,0.4580078,-21.432928,14.878049,-85.121956
170,1.0825195,-0.6064453,0.44458008,-6.8292685,5.670732,-65.060974
170,1.5039063,-0.6442871,0.4650879,31.890245,-6.432927,-11.158537
170,1.2380371,-0.43017578,0.5119629,47.621952,-14.176829,27.987806
170,0.7319336,-0.3112793,0.46240234,36.40244,-14.817074,70.518295
170,0.8532715,-0.39746094,0.37231445,38.536587,-9.02439,105.518295
170,0.923584,-0.39672852,0.3232422,57.317074,-8.262196,112.19512
170,0.9724121,-0.4272461,0.27563477,77.22561,-10.914635,121.55488
170,1.0969238,-0.2993164,0.27246094,115.73171,-6.646342,129.20732
170,0.9929199,-0.17382813,0.27661133,114.35976,-5.152439,140.24391
170,0.8684082,-0.100097656,0.27294922,87.46951,0.6402439,142.59146
170,0.8195801,-0.15209961,0.25927734,30.121952,3.5365853,131.79878
170,0.84936523,-0.21313477,0.24365234,3.628049,4.756098,119.54269
170,0.8828125,-0.22583008,0.2421875,-8.323171,11.25,105.94512
170,0.8964844,-0.18579102,0.24682617,-23.292683,15.70122,88.29269
170,0.9597168,-0.21923828,0.3095703,-26.25,10.426829,65.70122
170,1.0302734,-0.22070313,0.36157227,-14.237805,10.670732,35.30488
170,0.92871094,-0.1730957,0.41577148,-10.487805,2.4695122,4.1768293
170,1.1884766,-0.23730469,0.44628906,-15.823171,3.445122,-33.871952
170,1.1958008,-0.29882813,0.5046387,-10.823171,-10.54878,-79.20732
171,0.8088379,-0.2927246,0.5402832,-16.615854,-32.987804,-112.926834
171,0.75,-0.28588867,0.5070801,-14.756098,-23.170732,-118.93293
171,0.9025879,-0.25195313,0.48608398,6.3414636,-18.262196,-120.03049
171,0.8779297,-0.17456055,0.41748047,15.823171,-18.292683,-105.60976
171,0.8820801,-0.13330078,0.3466797,1.8292683,-5.487805,-91.03659
171,0.7922363,-0.107177734,0.3293457,-14.573171,-1.2195122,-84.02439
171,0.7290039,-0.17773438,0.3684082,-57.65244,1.1280488,-83.38415
171,0.7871094,-0.31103516,0.35546875,-92.22561,14.786586,-85.914635
171,0.814209,-0.37768555,0.32299805,-96.371956,23.353659,-80.121956
171,0.81811523,-0.42138672,0.34521484,-64.35976,22.286587,-81.097565
171,0.79345703,-0.4790039,0.38916016,-40.457317,16.341463,-80.73171
171,0.80078125,-0.4807129,0.41479492,-25.914635,12.926829,-83.506096
171,0.93847656,-0.5373535,0.4128418,-17.92683,5.640244,-88.993904
171,1.0454102,-0.6237793,0.39624023,-10.152439,1.4634147,-69.23781
171,1.3312988,-0.69311523,0.42114258,8.932927,-3.5365853,-30.853659
171,1.3415527,-0.48339844,0.45654297,30.670732,-15.70122,20.274391
171,0.91259766,-0.3125,0.42626953,19.32927,-13.414635,63.35366
171,0.80078125,-0.32128906,0.34277344,7.22561,-9.176829,93.75
171,0.9406738,-0.39379883,0.30493164,21.09756,-6.3109756,118.04878
171,0.9494629,-0.4091797,0.2446289,42.5,-8.963415,128.81097
171,1.0559082,-0.3828125,0.21044922,71.28049,-13.1707325,138.53659
171,1.0053711,-0.20947266,0.22460938,97.46951,-11.737805,144.42073
171,0.9057617,-0.14379883,0.22705078,94.085365,-14.146341,156.15854
171,0.8461914,-0.08227539,0.21459961,32.957317,3.3841465,140.36586
171,0.8781738,-0.17016602,0.25317383,-38.44512,-0.12195122,125.243904
171,0.8317871,-0.20898438,0.19311523,-92.71342,16.707317,100.82317
171,0.84521484,-0.28466797,0.1616211,-147.43903,14.603659,74.39024
171,1.098877,-0.5686035,0.2709961,-123.47562,-6.1890244,50.396343
171,1.1608887,-0.57177734,0.40527344,-16.493902,-17.804878,46.40244
171,0.9777832,-0.24243164,0.4868164,62.68293,-8.170732,38.07927
172,1.1335449,-0.06958008,0.49804688,68.93293,4.9695125,-15.396342
172,1.234375,-0.20898438,0.5148926,37.65244,4.237805,-75.09147
172,0.8154297,-0.26879883,0.53393555,15.70122,-18.231709,-102.5
172,0.74658203,-0.30664063,0.47583008,17.987804,9.72561,-123.5061
172,0.93310547,-0.29858398,0.42407227,43.90244,22.012196,-125.88415
172,1.0412598,-0.2409668,0.39135742,56.28049,11.371951,-122.86586
172,0.93359375,-0.13476563,0.3293457,10.396341,15.304878,-121.676834
172,0.8125,-0.16040039,0.2980957,-36.67683,16.341463,-119.96951
172,0.73046875,-0.22998047,0.31225586,-81.006096,21.09756,-122.22562
172,0.76660156,-0.38061523,0.24389648,-119.176834,39.573174,-117.53049
172,0.8166504,-0.48950195,0.22045898,-99.54269,44.573174,-113.32317
172,0.83203125,-0.56469727,0.25390625,-57.65244,38.47561,-105.79269
172,0.8244629,-0.56518555,0.29833984,-19.969513,27.012196,-90.7622
172,0.9030762,-0.61816406,0.33740234,-2.8048782,15.792684,-77.98781
172,0.9897461,-0.6501465,0.37890625,20.396341,0.9756098,-59.786587
172,1.1455078,-0.6296387,0.39160156,44.48171,-11.128049,-20.304878
172,1.4067383,-0.58496094,0.42871094,56.219513,-24.969513,7.987805
172,1.1757813,-0.44140625,0.4819336,45.73171,-28.658537,32.65244
172,0.7314453,-0.32299805,0.42822266,13.353659,-17.957317,84.20732
172,0.9260254,-0.37768555,0.3491211,17.012196,-15.945123,110.36586
172,1.0605469,-0.4074707,0.2944336,53.20122,-15.213415,126.06708
172,1.1435547,-0.37329102,0.24609375,108.62805,-17.591463,143.71951
172,1.1955566,-0.23803711,0.26879883,132.07318,-10.70122,156.25
172,1.0661621,-0.118652344,0.29711914,134.23781,-4.2073174,170.48781
172,0.87060547,-0.057373047,0.29052734,82.89635,11.493903,165.21342
172,0.8791504,-0.06201172,0.30004883,15.853659,7.9573174,174.93903
172,0.9030762,-0.19384766,0.26513672,-16.737804,2.1646342,158.62805
172,0.9272461,-0.2529297,0.28564453,-18.414635,2.8963416,121.64635
172,0.91748047,-0.27246094,0.27416992,-5.7012196,8.323171,98.53659
172,0.94921875,-0.2512207,0.26049805,5.762195,15.792684,75.97561
173,0.92749023,-0.1394043,0.27929688,4.542683,20.091463,26.95122
173,0.79467773,-0.09692383,0.32958984,-10.54878,12.621951,-14.176829
173,1.0178223,-0.1977539,0.32543945,-30.091465,13.75,-61.036587
173,1.0725098,-0.4350586,0.41723633,-37.80488,-8.871951,-140.24391
173,0.91845703,-0.5095215,0.57958984,-6.402439,-29.29878,-171.82927
173,0.8864746,-0.44506836,0.60131836,39.969513,-20.457317,-175.2744
173,0.9975586,-0.23754883,0.49414063,72.37805,-23.07927,-146.34146
173,0.98461914,-0.087646484,0.4091797,60.73171,-25.182928,-130.06097
173,0.9211426,-0.007080078,0.359375,24.390244,-22.012196,-111.70732
173,0.7648926,-0.039794922,0.35791016,-24.603659,-13.20122,-99.69512
173,0.68115234,-0.13110352,0.3635254,-69.72561,-4.72561,-95.73171
173,0.7561035,-0.2722168,0.32348633,-115,8.323171,-95.243904
173,0.8034668,-0.38623047,0.27954102,-120.21342,23.871952,-74.54269
173,0.82006836,-0.43896484,0.3083496,-94.451225,20.030489,-61.43293
173,0.8095703,-0.46777344,0.3647461,-62.83537,11.981708,-58.475613
173,0.8300781,-0.5,0.42578125,-33.07927,1.5853659,-58.292683
173,0.9255371,-0.5234375,0.48364258,-15.731708,-5.7012196,-61.40244
173,0.9916992,-0.53930664,0.49023438,4.4817076,-10.609756,-50.335365
173,1.4558105,-0.5148926,0.48608398,30.54878,-15.945123,-14.969513
173,1.2060547,-0.32983398,0.5061035,32.77439,-26.615854,17.164635
173,0.7651367,-0.23217773,0.48510742,21.219513,-17.5,66.06708
173,0.9987793,-0.2109375,0.40600586,25.060976,-8.079268,111.493904
173,1.0720215,-0.25195313,0.35961914,40.670734,-6.7987804,134.87805
173,1.1186523,-0.27783203,0.29736328,53.475613,-3.2926831,147.31708
173,1.0866699,-0.21533203,0.30078125,66.79878,1.1585367,156.61586
173,0.93237305,-0.17529297,0.34179688,68.78049,0.6097561,166.73781
173,0.81103516,-0.09838867,0.24609375,51.55488,2.9268293,158.56708
173,0.7282715,-0.14794922,0.25585938,-11.158537,11.189025,118.993904
173,0.7624512,-0.2709961,0.23071289,-47.19512,-6.006098,121.85976
173,0.81396484,-0.296875,0.1887207,-31.341465,-6.9512196,83.993904
173,0.83740234,-0.3203125,0.19946289,-2.8963416,-3.140244,53.536587
174,0.9711914,-0.33203125,0.22460938,26.189026,0.45731708,32.164635
174,1.0268555,-0.2722168,0.27612305,45.15244,7.865854,7.5
174,0.9602051,-0.21142578,0.36010742,31.859756,-0.6707317,-27.957317
174,1.1442871,-0.24267578,0.39233398,9.329268,-0.945122,-63.536587
174,1.1689453,-0.31860352,0.4699707,-8.810976,-17.073172,-110.18293
174,0.8833008,-0.39282227,0.5852051,-16.493902,-38.262196,-143.26219
174,0.8171387,-0.3581543,0.55493164,-5.487805,-24.756098,-136.15854
174,0.9472656,-0.27197266,0.4814453,8.567074,-13.20122,-111.43293
174,0.9692383,-0.1430664,0.37451172,18.90244,-9.72561,-76.310974
174,0.9116211,-0.08203125,0.3347168,20.42683,-4.237805,-51.920734
174,0.7753906,-0.04345703,0.35327148,3.5365853,-1.5243902,-37.865856
174,0.6328125,-0.1352539,0.3486328,-64.72561,7.164634,-31.463415
174,0.6767578,-0.26220703,0.3161621,-99.20732,18.506098,-34.84756
174,0.75561523,-0.34375,0.30639648,-99.69512,28.841465,-29.29878
174,0.77612305,-0.40820313,0.3215332,-80.426834,25.243902,-27.957317
174,0.7180176,-0.42504883,0.33032227,-48.475613,17.5,-29.054878
174,0.7270508,-0.42333984,0.35913086,-19.786587,11.158537,-35.73171
174,0.888916,-0.4350586,0.43579102,9.481708,0.33536586,-53.140244
174,1.0500488,-0.4309082,0.45507813,20.609756,-3.5975611,-59.359756
174,1.3979492,-0.43286133,0.45532227,19.969513,-2.1646342,-60.15244
174,1.236084,-0.3708496,0.4807129,3.262195,-16.707317,-46.189026
174,0.8149414,-0.35791016,0.43237305,-14.054878,-10.335366,-10.365854
174,0.8010254,-0.34838867,0.35839844,6.3109756,-7.1036587,32.134148
174,0.99194336,-0.2668457,0.29418945,65.94512,-11.432927,73.90244
174,1.0600586,-0.25561523,0.24560547,84.756096,-9.542684,93.14024
174,1.0458984,-0.22290039,0.27783203,93.84147,-0.5487805,106.85976
174,0.8781738,-0.06347656,0.31835938,103.71951,1.4939024,125.426834
174,0.7355957,-0.123535156,0.34179688,67.95732,6.554878,121.15854
174,0.74658203,-0.056396484,0.3479004,-23.90244,17.530489,101.79878
174,0.7578125,-0.30786133,0.22998047,-69.847565,7.682927,115
174,0.7392578,-0.26489258,0.2199707,-42.286587,3.1707318,78.810974
175,0.7302246,-0.2861328,0.21582031,-17.743902,0,60.42683
175,0.86083984,-0.3540039,0.20239258,23.018293,4.8170733,33.35366
175,0.98339844,-0.3010254,0.25439453,42.65244,7.5914636,6.158537
175,1.0073242,-0.2524414,0.30004883,39.420734,6.0670733,-26.036587
175,1.1904297,-0.30493164,0.35229492,22.012196,-0.6097561,-63.018295
175,1.3625488,-0.31958008,0.41308594,15.213415,-10.518293,-96.92073
175,1.092041,-0.35717773,0.5078125,10.243902,-39.664635,-121.64635
175,0.8029785,-0.36889648,0.51953125,21.82927,-33.47561,-110.85366
175,0.89575195,-0.24560547,0.41259766,30.487806,-11.280488,-73.62805
175,0.9951172,-0.11352539,0.33374023,28.810976,-7.012195,-43.384148
175,0.9716797,0.005615234,0.27319336,17.073172,-1.2195122,-9.02439
175,0.888916,0.008300781,0.3178711,3.323171,-0.9756098,-1.2195122
175,0.7102051,-0.08276367,0.36450195,-25.060976,-12.012196,2.9268293
175,0.5686035,-0.2746582,0.39038086,-74.57317,5.487805,-2.5304878
175,0.60595703,-0.41674805,0.3359375,-78.23171,15.304878,1.890244
175,0.6538086,-0.40771484,0.3227539,-40.42683,13.384147,-0.42682928
175,0.63061523,-0.3317871,0.35180664,4.542683,6.554878,-5.792683
175,0.7043457,-0.3881836,0.38989258,13.353659,-1.5853659,-6.9817076
175,0.7631836,-0.4272461,0.46166992,25.823172,-2.4390244,-6.0365853
175,0.85961914,-0.47753906,0.49072266,13.567074,-13.506098,-5.487805
175,0.9663086,-0.51000977,0.45458984,15.54878,-13.689025,-3.0792685
175,1.3659668,-0.53100586,0.4428711,29.115854,-9.512196,-10.335366
175,1.2441406,-0.4963379,0.50097656,30.15244,-11.341464,-21.12805
175,0.85913086,-0.45483398,0.3737793,10.823171,-10.121951,13.04878
175,0.86938477,-0.40234375,0.26220703,25,-8.932927,52.713417
175,1.0576172,-0.35351563,0.18725586,87.621956,-22.713415,71.34147
175,0.9577637,-0.3100586,0.13696289,108.04878,-18.932928,78.018295
175,0.9250488,-0.2619629,0.1105957,106.951225,-17.530489,83.689026
175,0.7729492,-0.16870117,0.14453125,92.89635,-13.018293,83.018295
175,0.6633301,-0.10522461,0.16381836,24.542683,-2.4390244,84.29878
175,0.6948242,-0.18383789,0.15722656,-23.07927,-8.04878,91.097565
176,0.8029785,-0.27661133,0.17407227,-19.359756,-6.25,65.426834
176,0.8322754,-0.2998047,0.22216797,-3.780488,-2.5914636,54.32927
176,0.8781738,-0.3190918,0.26367188,15.731708,-0.6707317,40.396343
176,1.0354004,-0.27294922,0.3322754,34.817074,7.530488,24.512196
176,1.1206055,-0.2006836,0.37719727,33.17073,12.378049,9.786586
176,1.0957031,-0.1616211,0.4267578,10.182927,9.29878,-7.7134147
176,1.4040527,-0.24633789,0.45385742,-25.060976,8.384147,-45.914635
176,1.2175293,-0.32226563,0.5229492,-41.920734,-10.243902,-83.47561
176,0.89624023,-0.34472656,0.5527344,-46.40244,-17.134148,-93.597565
176,0.7775879,-0.24707031,0.43603516,-40.243904,8.506098,-69.69512
176,0.9511719,-0.17504883,0.34936523,-27.957317,14.817074,-54.542683
176,0.96875,-0.13134766,0.29492188,-15.54878,14.847561,-45.57927
176,0.8547363,-0.1381836,0.2553711,-6.646342,18.04878,-32.012196
176,0.70166016,-0.11352539,0.2734375,-21.890244,19.573172,-24.969513
176,0.5991211,-0.095947266,0.2705078,-63.262196,23.170732,-25.945122
176,0.6279297,-0.22485352,0.2253418,-113.23171,32.92683,-34.90854
176,0.71191406,-0.3232422,0.23461914,-105.36586,34.237804,-39.45122
176,0.7429199,-0.359375,0.2788086,-73.75,30.518293,-44.298782
176,0.70947266,-0.3876953,0.33398438,-33.75,17.957317,-57.743904
176,0.7800293,-0.42089844,0.40063477,-15.731708,5.0914636,-75.36585
176,0.9086914,-0.44018555,0.45385742,-6.920732,-1.9512196,-87.743904
176,1.2148438,-0.50512695,0.4724121,-8.323171,-1.5243902,-94.23781
176,1.6550293,-0.5292969,0.48413086,-1.097561,-3.8719513,-91.371956
176,1.2729492,-0.42016602,0.48364258,-4.2073174,-16.158537,-71.310974
176,0.66186523,-0.33374023,0.41088867,-14.329268,-3.9939024,-1.097561
176,0.8457031,-0.26586914,0.35058594,8.841464,-6.8292685,40.518295
176,0.9938965,-0.22216797,0.3149414,39.359756,-3.2926831,63.5061
176,0.95043945,-0.2734375,0.265625,61.615856,-0.70121956,93.56708
176,0.97021484,-0.23510742,0.265625,80.09147,4.7865853,96.12805
176,0.84594727,-0.1616211,0.3017578,73.04878,4.390244,106.493904
177,0.72631836,-0.12768555,0.3251953,22.073172,12.134147,109.72561
177,0.7285156,-0.1809082,0.30126953,-19.603659,19.72561,98.14024
177,0.7709961,-0.26220703,0.29541016,-51.463417,12.317074,88.84147
177,0.83691406,-0.2919922,0.2529297,-29.17683,8.963415,64.847565
177,0.89086914,-0.2685547,0.24609375,-20.609756,17.530489,49.298782
177,1.0383301,-0.26098633,0.26391602,-12.195122,23.445122,35.548782
177,1.0688477,-0.1772461,0.28344727,-9.878049,27.012196,4.756098
177,1.0187988,-0.17211914,0.3227539,-26.493902,20.15244,-13.75
177,1.2744141,-0.22607422,0.32250977,-40.213417,25.274391,-40.365856
177,1.1923828,-0.3720703,0.36132813,-47.987804,-4.9695125,-88.2622
177,0.88134766,-0.47973633,0.49829102,-28.90244,-31.646341,-108.81098
177,0.69433594,-0.4255371,0.53759766,3.323171,-28.323172,-97.926834
177,0.78466797,-0.30200195,0.42626953,44.420734,-17.103659,-62.560978
177,0.84228516,-0.17626953,0.31860352,63.59756,-14.45122,-33.810978
177,0.8852539,-0.06225586,0.2578125,51.707317,-8.932927,-20.335367
177,0.7651367,0.011474609,0.29663086,8.628049,-3.5975611,-13.780488
177,0.6538086,-0.07324219,0.32470703,-40.94512,-2.5304878,-18.75
177,0.65356445,-0.22338867,0.31079102,-74.176834,10.243902,-25.396341
177,0.7324219,-0.35351563,0.3100586,-74.23781,20.670732,-27.469513
177,0.79296875,-0.41186523,0.34423828,-50.121952,20.15244,-28.231709
177,0.7746582,-0.40429688,0.35083008,-43.65854,13.902439,-38.628048
177,0.77490234,-0.40112305,0.39282227,-12.77439,2.1646342,-43.993904
177,0.81640625,-0.38452148,0.43164063,8.75,-2.9268293,-52.2561
177,0.88671875,-0.37304688,0.4416504,13.20122,-6.554878,-57.83537
177,1.2966309,-0.39697266,0.4411621,16.432928,-3.3536587,-59.298782
177,1.5588379,-0.37036133,0.51416016,16.280489,-3.6585367,-58.23171
177,1.1154785,-0.2553711,0.47485352,-21.646341,-8.658537,-37.164635
177,0.7163086,-0.3166504,0.37548828,-43.780487,2.195122,30.670732
177,0.9812012,-0.29736328,0.3527832,12.560976,-4.268293,56.798782
177,1.0639648,-0.27734375,0.33544922,53.23171,-1.6463416,77.98781
177,1.088623,-0.26513672,0.2919922,80.88415,1.4329269,108.018295
178,1.0476074,-0.13964844,0.31201172,114.78659,-0.36585367,138.14024
178,0.8364258,-0.059814453,0.29248047,129.78659,11.036586,119.39024
178,0.70288086,-0.0625,0.375,26.890245,14.02439,107.46951
178,0.7097168,-0.076660156,0.3552246,-71.40244,25.70122,88.93293
178,0.6826172,-0.3383789,0.23754883,-97.98781,20.091463,89.847565
178,0.7561035,-0.27197266,0.20263672,-55.57927,21.219513,46.189026
178,0.8366699,-0.29467773,0.203125,-25.853659,22.774391,27.591465
178,0.9499512,-0.3100586,0.1784668,-1.9207318,31.006098,7.3475614
178,1.0046387,-0.24414063,0.22094727,-4.512195,35.762196,-23.536587
178,0.9838867,-0.25195313,0.27441406,-19.146341,27.042683,-45.94512
178,1.2060547,-0.28051758,0.29736328,-33.140244,23.810976,-73.47561
178,1.2543945,-0.40307617,0.38208008,-39.72561,-7.22561,-118.23171
178,0.9284668,-0.4482422,0.5065918,-27.835367,-36.371952,-133.32318
178,0.65063477,-0.4453125,0.5432129,-6.8597565,-34.969513,-114.78659
178,0.73339844,-0.33666992,0.41992188,40.57927,-21.859756,-60.03049
178,0.8925781,-0.22949219,0.3022461,74.35976,-17.713415,-31.006098
178,1.0307617,-0.06518555,0.2722168,72.560974,-16.890244,-5.304878
178,0.9555664,0.0390625,0.3774414,8.1402445,-8.445122,-1.1280488
178,0.79248047,-0.07543945,0.46118164,-61.890244,-5.152439,-3.1097562
178,0.7050781,-0.21582031,0.4560547,-122.65244,-1.3109757,0.88414633
178,0.6862793,-0.46264648,0.34277344,-92.835365,27.957317,-10.335366
178,0.71069336,-0.39672852,0.32958984,-46.493904,13.231708,7.3475614
178,0.69555664,-0.41357422,0.33642578,-13.841464,7.530488,11.8902445
178,0.64990234,-0.34277344,0.36523438,16.067074,2.1646342,-1.7682927
178,0.70654297,-0.30737305,0.3857422,19.542683,4.085366,-10.579268
178,0.80493164,-0.2927246,0.39111328,18.262196,1.890244,-23.62805
178,1.0583496,-0.30297852,0.37573242,-0.6402439,7.5,-33.048782
178,1.5732422,-0.32788086,0.44628906,-9.695122,18.07927,-37.2561
178,1.3562012,-0.20092773,0.44580078,-44.02439,16.219513,-31.920732
178,0.767334,-0.24291992,0.37695313,-101.0061,18.536587,14.817074
178,0.8154297,-0.2548828,0.3581543,-72.46951,15.152439,49.17683
179,1.1708984,-0.19238281,0.38793945,-16.524391,22.012196,71.40244
179,1.3574219,-0.036376953,0.5246582,8.231708,10.152439,134.17683
179,1.0083008,-0.096191406,0.3479004,41.55488,11.493903,107.10366
179,0.82958984,-0.09082031,0.34472656,42.743904,23.75,72.621956
179,0.76586914,-0.2133789,0.38891602,-42.560978,26.371952,42.286587
179,0.77001953,-0.20678711,0.4165039,-68.10976,32.042683,27.957317
179,0.7561035,-0.22290039,0.29516602,-70.67073,47.40854,6.890244
179,0.78564453,-0.13793945,0.22436523,-81.64635,64.02439,-33.140244
179,0.8137207,-0.15893555,0.19482422,-110.67073,81.585365,-57.40854
179,0.87524414,-0.17626953,0.13891602,-114.57317,76.097565,-72.0122
179,0.98413086,-0.22070313,0.12036133,-154.93903,105.45732,-96.06708
179,1.1464844,-0.3046875,0.09082031,-176.15854,113.2622,-111.12805
179,1.1118164,-0.3623047,0.09350586,-179.0244,110.94512,-126.43293
179,1.1899414,-0.3959961,0.1303711,-181.31097,99.5122,-134.17683
179,1.0605469,-0.4333496,0.20898438,-175.54878,80.79269,-142.71342
179,0.9626465,-0.4951172,0.27954102,-149.14635,55.121952,-144.39024
179,0.8911133,-0.49243164,0.37182617,-79.48171,41.219513,-146.73781
179,0.95092773,-0.4477539,0.38085938,-26.25,35.792683,-135.03049
179,0.9421387,-0.38745117,0.28393555,11.920732,41.0061,-116.31098
179,0.9230957,-0.21704102,0.1652832,18.90244,21.310976,-98.81098
179,1.0002441,-0.10083008,0.23828125,-24.268293,13.993903,-93.018295
179,1.0266113,-0.037841797,0.30786133,-94.11585,22.957317,-79.39024
179,0.99658203,-0.17993164,0.27270508,-150.36586,24.359756,-70.60976
179,0.9291992,-0.28027344,0.25878906,-162.37805,27.65244,-63.018295
179,0.86816406,-0.35791016,0.25585938,-165.94513,28.04878,-54.45122
179,0.8562012,-0.4345703,0.2861328,-140,27.042683,-44.969513
179,0.82421875,-0.41015625,0.31982422,-112.89635,25.609756,-39.573174
179,0.78808594,-0.33618164,0.35205078,-96.12805,22.865854,-35.243904
179,0.79541016,-0.28271484,0.39892578,-99.268295,12.682927,-43.90244
179,0.8017578,-0.28857422,0.41870117,-116.92074,10.609756,-46.55488
180,0.7937012,-0.3491211,0.41308594,-132.83537,13.323171,-47.073174
180,0.76953125,-0.41845703,0.39892578,-117.56098,13.810976,-50.609756
180,0.7375488,-0.46875,0.39868164,-84.5122,16.67683,-47.80488
180,0.73706055,-0.47265625,0.43066406,-47.439026,14.908537,-51.798782
180,0.72558594,-0.45336914,0.4790039,-14.847561,3.2012196,-54.664635
180,0.7180176,-0.38793945,0.484375,-18.689024,-4.02439,-51.09756
180,0.689209,-0.37719727,0.5004883,-26.12805,-4.054878,-43.384148
180,0.7609863,-0.34057617,0.5422363,-16.40244,-9.786586,-33.23171
180,1.0527344,-0.38891602,0.5576172,-20.70122,-11.158537,-22.103659
180,1.3139648,-0.4008789,0.57373047,-12.987805,-13.231708,-13.018293
180,0.8874512,-0.27319336,0.5202637,-26.67683,-8.1402445,13.536586
180,0.7121582,-0.25830078,0.48461914,-32.439026,-5.0609756,41.95122
180,0.7421875,-0.27124023,0.45507813,-7.9268293,-9.329268,59.634148
180,0.892334,-0.27197266,0.40893555,25.274391,-5.030488,66.82927
180,0.94262695,-0.31054688,0.3725586,38.567074,-7.8353662,59.237804
180,0.97924805,-0.29663086,0.34301758,47.92683,-6.9512196,61.493904
180,0.8300781,-0.14624023,0.3791504,27.37805,-0.39634147,44.969513
180,0.7648926,-0.18920898,0.3701172,-7.164634,-6.5853662,48.65854
180,0.72216797,-0.2290039,0.34448242,-17.591463,-4.268293,32.22561
180,0.7470703,-0.27905273,0.2836914,-38.932926,-3.9634147,12.378049
180,0.7753906,-0.32910156,0.2631836,-41.890244,-0.57926834,-1.4634147
180,0.81274414,-0.33642578,0.26635742,-24.939026,-1.5243902,-12.286586
180,0.8828125,-0.29956055,0.30273438,-6.9817076,-0.73170733,-21.12805
180,0.94555664,-0.2758789,0.33276367,-9.45122,-0.4878049,-27.713415
180,1.015625,-0.27124023,0.36865234,-15.030488,1.7378049,-30.945122
180,1.2114258,-0.28833008,0.4243164,-21.371952,7.22561,-38.292683
180,1.1826172,-0.2536621,0.46118164,-29.359756,8.75,-43.07927
180,1.2045898,-0.22827148,0.4338379,-37.042683,10.426829,-44.87805
180,1.3122559,-0.27661133,0.4519043,-45.182926,7.1036587,-62.621952
180,1.1101074,-0.37597656,0.5344238,-36.310978,-8.231708,-80.79269
181,0.75268555,-0.3425293,0.5266113,-31.006098,-7.7134147,-78.78049
181,0.5793457,-0.2705078,0.43969727,-20.365854,3.3536587,-51.067074
181,0.7519531,-0.2109375,0.40625,-1.890244,12.378049,-37.621952
181,0.8540039,-0.0871582,0.33496094,3.9634147,21.707317,-3.5060976
181,0.8852539,0.010986328,0.28735352,-7.9268293,24.756098,20.70122
181,0.7763672,0.012451172,0.30444336,-39.146343,21.768293,24.542683
181,0.65771484,-0.07788086,0.3305664,-84.268295,19.268293,21.067074
181,0.60791016,-0.22949219,0.28100586,-125.06098,31.189026,16.280489
181,0.65234375,-0.2253418,0.2548828,-117.65244,26.646341,2.6219513
181,0.6982422,-0.27807617,0.24975586,-75,15.365854,-6.3414636
181,0.6999512,-0.32836914,0.29882813,-1.8597561,8.04878,-17.256098
181,0.69311523,-0.3400879,0.35327148,37.682926,-2.8048782,-28.658537
181,0.7614746,-0.39331055,0.42016602,69.14634,-15.487805,-41.52439
181,0.92285156,-0.35131836,0.4880371,83.47561,-25.091463,-53.719513
181,1.3813477,-0.3474121,0.52978516,60.884148,-22.256098,-63.5061
181,1.6269531,-0.32177734,0.6074219,21.280489,-24.32927,-65.21342
181,0.9301758,-0.2854004,0.5292969,-24.481709,-24.054878,-29.573172
181,0.70947266,-0.30126953,0.38232422,-22.256098,-5.9451222,19.512196
181,0.9460449,-0.2697754,0.32080078,28.231709,-6.1890244,55.70122
181,1.0256348,-0.24438477,0.3059082,96.92073,-10.792684,98.65854
181,1.0324707,-0.23095703,0.29589844,130.85367,-1.9207318,116.15854
181,0.9584961,-0.118652344,0.30395508,135.97562,7.5914636,107.13415
181,0.76123047,-0.060302734,0.35180664,66.82927,12.469513,104.78659
181,0.6765137,-0.052246094,0.36108398,-11.554878,18.231709,95.45732
181,0.68896484,-0.23266602,0.29345703,-67.80488,17.195122,91.61585
181,0.82006836,-0.29956055,0.25585938,-38.292683,12.073171,61.920734
181,0.90112305,-0.3161621,0.22314453,-21.036587,20.823172,40.823174
181,1.0095215,-0.29711914,0.2043457,-8.1402445,26.12805,27.286587
181,1.1274414,-0.17822266,0.24121094,-12.195122,35.57927,4.3292685
181,1.0842285,-0.1262207,0.2709961,-27.408537,30.182928,-14.817074
181,1.1384277,-0.16992188,0.31054688,-47.5,23.231709,-31.82927
181,1.3549805,-0.31225586,0.32836914,-57.83537,14.02439,-62.439026
182,1.0146484,-0.36987305,0.40478516,-52.865856,-21.006098,-89.39024
182,0.70336914,-0.42504883,0.4753418,-33.17073,-34.420734,-86.097565
182,0.6582031,-0.3203125,0.46362305,29.237806,-30.57927,-56.646343
182,0.8244629,-0.23339844,0.4169922,70.335365,-30.487806,-41.189026
182,0.8720703,-0.06640625,0.35058594,72.164635,-20.640244,-19.390244
182,0.77685547,0.08276367,0.32641602,11.95122,-5.640244,-16.554878
182,0.64160156,0.024414063,0.375,-43.35366,0.27439025,-25.731709
182,0.6035156,-0.11254883,0.4116211,-107.65244,9.756098,-42.743904
182,0.7597656,-0.38354492,0.34057617,-130.54878,26.554878,-34.57317
182,0.79418945,-0.46289063,0.33129883,-52.225613,43.780487,-35.243904
182,0.8466797,-0.36669922,0.3696289,-1.5548781,22.957317,-42.2561
182,0.7609863,-0.4345703,0.4650879,20.335367,8.323171,-46.67683
182,0.7915039,-0.40625,0.5168457,40.548782,2.4695122,-59.359756
182,0.8654785,-0.36157227,0.5114746,36.463417,-1.1585367,-72.743904
182,1.3146973,-0.42626953,0.47607422,12.256098,3.628049,-81.189026
182,1.5446777,-0.46289063,0.49267578,8.079268,0.36585367,-69.60366
182,1.095459,-0.49853516,0.45166016,-4.6341467,-3.5975611,-34.969513
182,0.7844238,-0.33789063,0.34326172,41.67683,2.4695122,59.634148
182,1.0314941,-0.18676758,0.32763672,73.47561,1.0670732,90.060974
182,1.0595703,-0.21264648,0.28833008,72.10366,3.8109758,111.493904
182,0.9980469,-0.27661133,0.28173828,54.237804,14.603659,127.37805
182,0.8820801,-0.22924805,0.2878418,41.95122,11.95122,138.10976
182,0.77197266,-0.17382813,0.2709961,21.79878,12.408537,145.88416
182,0.7817383,-0.18652344,0.24365234,6.3414636,7.256098,144.45122
182,0.7988281,-0.23876953,0.23168945,-2.012195,2.3170733,126.493904
182,0.845459,-0.28198242,0.24072266,-3.628049,0.91463417,108.96342
182,0.92529297,-0.27856445,0.24560547,6.4634147,6.3719516,81.06708
182,0.9909668,-0.22973633,0.28466797,8.871951,7.8353662,57.439026
182,1.1103516,-0.17114258,0.328125,8.780488,12.77439,28.719513
182,1.020752,-0.095458984,0.38549805,-11.707317,7.7439027,-7.7134147
183,1.125,-0.17407227,0.40600586,-34.237804,3.0487804,-37.164635
183,1.2607422,-0.26733398,0.40625,-35.457317,4.3292685,-78.14024
183,0.907959,-0.32836914,0.45922852,-31.432928,-25.914635,-119.176834
183,0.7416992,-0.34985352,0.5197754,-20.274391,-29.573172,-125.39635
183,0.8156738,-0.3310547,0.51904297,10.182927,-21.067074,-119.72561
183,0.91015625,-0.24902344,0.46679688,42.713417,-22.256098,-94.48171
183,0.9133301,-0.13134766,0.38793945,37.957317,-15.914635,-75.48781
183,0.80859375,-0.07861328,0.31982422,18.993902,-7.530488,-58.475613
183,0.62646484,-0.10107422,0.33203125,-17.042683,-2.7134147,-51.28049
183,0.6394043,-0.17602539,0.32592773,-62.621952,11.128049,-52.835365
183,0.7607422,-0.24560547,0.2902832,-102.59147,23.109756,-49.237804
183,0.85546875,-0.36865234,0.2775879,-79.87805,20.213415,-44.84756
183,0.8249512,-0.4255371,0.35620117,-56.67683,16.79878,-48.932926
183,0.7380371,-0.49169922,0.4248047,-31.341465,5.4268293,-56.310978
183,0.80908203,-0.5336914,0.50390625,9.02439,-1.3414634,-72.743904
183,0.9746094,-0.51660156,0.51538086,26.189026,-5.182927,-78.78049
183,1.3525391,-0.49658203,0.48461914,31.67683,-1.5548781,-68.32317
183,1.4277344,-0.4169922,0.46484375,19.908537,-14.72561,-38.323174
183,0.90527344,-0.28710938,0.43139648,15.54878,-7.1951222,22.987806
183,0.86499023,-0.16381836,0.3605957,28.109756,-2.987805,72.28659
183,1.0192871,-0.1430664,0.27954102,44.84756,2.012195,119.90854
183,1.03125,-0.23046875,0.24951172,56.98171,2.195122,130.03049
183,1.0957031,-0.28393555,0.27929688,78.10976,9.634147,141.55489
183,0.96655273,-0.13989258,0.2685547,76.40244,14.237805,159.17683
183,0.7680664,-0.13964844,0.32006836,39.420734,15.030488,142.65244
183,0.7614746,-0.099365234,0.30078125,-31.554878,24.085367,146.55489
183,0.7636719,-0.27148438,0.21533203,-40.884148,6.7073174,128.87195
183,0.76708984,-0.25854492,0.20483398,-30.030489,2.6219513,101.25
183,0.8305664,-0.29541016,0.20581055,-16.585365,2.1036587,76.676834
183,0.9655762,-0.3137207,0.23535156,8.628049,7.7439027,37.682926
183,1.0576172,-0.26245117,0.25854492,21.310976,14.115854,7.2865853
184,0.9838867,-0.2109375,0.28393555,16.67683,9.878049,-23.810976
184,1.2102051,-0.23242188,0.30786133,-5.030488,7.652439,-64.90854
184,1.2436523,-0.30419922,0.35351563,-17.012196,-6.737805,-109.69512
184,0.98461914,-0.3984375,0.44604492,-21.585367,-38.384148,-145.5183
184,0.7546387,-0.39453125,0.5476074,1.4024391,-38.048782,-143.5061
184,0.87109375,-0.3095703,0.5097656,27.195122,-27.34756,-115.97561
184,0.9387207,-0.2175293,0.41015625,44.725613,-20.213415,-81.097565
184,0.9250488,-0.053222656,0.3034668,37.134148,-15.243903,-51.09756
184,0.81347656,-0.013671875,0.30664063,14.4207325,-10.396341,-37.073174
184,0.6574707,-0.061279297,0.36108398,-33.292683,-8.445122,-33.262196
184,0.6513672,-0.21191406,0.34716797,-134.11586,8.902439,-33.384148
184,0.77685547,-0.3930664,0.24536133,-112.53049,27.987806,-21.219513
184,0.7380371,-0.4111328,0.2763672,-72.19512,33.292683,-31.737806
184,0.796875,-0.45288086,0.32226563,-37.34756,14.3902445,-36.52439
184,0.7182617,-0.4963379,0.3815918,-5.7012196,6.2195125,-37.743904
184,0.8039551,-0.47973633,0.45361328,30.243904,-6.615854,-53.993904
184,1.0073242,-0.43725586,0.49804688,50.487804,-8.04878,-62.37805
184,1.4020996,-0.44384766,0.49780273,48.07927,-3.932927,-59.207317
184,1.4362793,-0.34179688,0.50683594,30.518293,-1.4024391,-42.012196
184,0.8547363,-0.25170898,0.42529297,-26.890245,7.6219516,11.8902445
184,0.94677734,-0.23779297,0.37329102,-24.84756,11.829268,64.29878
184,1.1091309,-0.2109375,0.33203125,19.268293,8.47561,96.951225
184,1.1362305,-0.28027344,0.27978516,44.146343,8.384147,115.21342
184,1.067627,-0.2746582,0.30395508,58.993904,11.280488,126.64635
184,0.88671875,-0.17504883,0.25927734,78.506096,8.414635,151.34146
184,0.642334,-0.1381836,0.296875,67.164635,12.439025,135.09146
184,0.7089844,-0.071777344,0.33325195,-28.47561,9.756098,113.75
184,0.65527344,-0.25,0.20874023,-75.54878,15.182927,131.06708
184,0.7561035,-0.30395508,0.2084961,-30.365854,2.682927,73.10976
184,0.8823242,-0.34155273,0.22558594,5.2439027,12.682927,47.19512
185,1.0673828,-0.33813477,0.21801758,23.567074,21.432928,21.189024
185,1.0759277,-0.19433594,0.27490234,8.780488,23.871952,-15.70122
185,0.98779297,-0.14038086,0.3256836,-12.408537,14.3902445,-36.859756
185,1.2087402,-0.18603516,0.34448242,-33.17073,11.585366,-62.5
185,1.1940918,-0.35180664,0.38134766,-48.262196,-15.426829,-111.92073
185,0.9172363,-0.45410156,0.49047852,-37.22561,-41.646343,-134.23781
185,0.7685547,-0.46606445,0.5187988,1.5548781,-34.390244,-123.75
185,0.8845215,-0.33569336,0.43920898,63.5061,-23.810976,-90.15244
185,0.9187012,-0.18823242,0.3720703,76.310974,-25.15244,-66.89024
185,0.9152832,-0.07299805,0.3359375,56.768295,-23.04878,-44.02439
185,0.7590332,-0.021484375,0.35302734,22.530489,-15.457317,-24.359756
185,0.60595703,-0.076171875,0.40014648,-26.615854,-11.128049,-23.07927
185,0.63134766,-0.21289063,0.33764648,-70.73171,6.646342,-18.932928
185,0.732666,-0.31860352,0.29858398,-82.37805,21.920732,-23.018293
185,0.8215332,-0.38476563,0.31103516,-64.39024,20.304878,-27.256098
185,0.7998047,-0.4033203,0.34570313,-48.07927,19.87805,-25.457317
185,0.75756836,-0.43676758,0.43188477,-8.75,4.756098,-35.27439
185,0.8083496,-0.45507813,0.517334,16.219513,-4.8170733,-49.420734
185,0.9152832,-0.44140625,0.5439453,23.292683,-7.042683,-57.225613
185,1.4245605,-0.48779297,0.50024414,23.658537,1.8292683,-58.384148
185,1.4663086,-0.38330078,0.50683594,19.786587,-1.3719512,-46.55488
185,0.9667969,-0.30004883,0.43310547,-8.20122,2.3170733,-15.060976
185,0.9008789,-0.25341797,0.32983398,3.262195,11.737805,61.55488
185,1.0966797,-0.17529297,0.32055664,44.115856,6.9817076,91.371956
185,1.0498047,-0.21435547,0.26513672,64.48171,8.871951,113.71951
185,1.0217285,-0.1977539,0.2800293,85.64024,16.920732,132.74391
185,0.8581543,-0.14379883,0.2878418,71.310974,18.384148,142.80489
185,0.72143555,-0.08886719,0.3239746,8.689025,22.865854,120.914635
185,0.73583984,-0.22753906,0.26000977,-49.146343,18.353659,142.7744
185,0.78344727,-0.26245117,0.23706055,-39.17683,9.542684,111.21951
185,0.8354492,-0.29052734,0.24023438,-22.5,5.5792685,90.97561
186,0.859375,-0.31201172,0.23071289,2.3170733,11.676829,62.865856
186,0.94628906,-0.26342773,0.2607422,14.664635,16.371952,40.792683
186,1.0285645,-0.20703125,0.2849121,16.493902,22.65244,11.341464
186,0.89086914,-0.1730957,0.33544922,-8.109756,12.560976,-24.573172
186,1.0817871,-0.25830078,0.33544922,-27.22561,9.756098,-54.237804
186,1.1638184,-0.3552246,0.3791504,-28.689026,-3.4756098,-99.20732
186,0.8991699,-0.4248047,0.50805664,-18.841463,-32.896343,-143.65854
186,0.7861328,-0.39453125,0.53222656,-1.5853659,-30.640245,-141.58537
186,0.890625,-0.34228516,0.51000977,26.280489,-26.25,-121.46342
186,0.99975586,-0.20019531,0.44262695,54.84756,-26.219513,-89.5122
186,0.9394531,-0.10449219,0.38745117,44.634148,-23.90244,-61.55488
186,0.8054199,-0.060058594,0.38256836,25.792683,-15.091464,-40.70122
186,0.595459,-0.07470703,0.39697266,-33.20122,-8.47561,-30.640245
186,0.6027832,-0.17993164,0.33129883,-96.43293,5.762195,-27.134148
186,0.65112305,-0.32250977,0.3215332,-98.414635,18.90244,-23.871952
186,0.74194336,-0.38989258,0.2824707,-75.15244,10.792684,-26.310976
186,0.75683594,-0.39819336,0.31518555,-52.5,13.079268,-27.469513
186,0.79125977,-0.44799805,0.3857422,-22.621952,5.914634,-27.987806
186,0.87280273,-0.47070313,0.4814453,16.432928,-5.9451222,-41.0061
186,0.99487305,-0.46166992,0.5300293,36.859756,-10.945122,-47.530487
186,1.2624512,-0.44921875,0.52905273,40.85366,-8.109756,-47.80488
186,1.4523926,-0.34228516,0.55566406,15.914635,-11.52439,-35.94512
186,0.98657227,-0.22875977,0.48779297,-19.603659,-10.060976,-8.75
186,0.77124023,-0.2241211,0.39575195,-17.896341,-0.73170733,37.134148
186,1.0090332,-0.2253418,0.32617188,34.02439,-0.06097561,80.243904
186,0.9699707,-0.2775879,0.26293945,65.243904,-0.73170733,100.60976
186,1.0661621,-0.33374023,0.28076172,112.68293,-1.7987806,119.176834
186,0.9165039,-0.09765625,0.26049805,154.7561,11.067074,115.426834
186,0.704834,-0.087890625,0.29882813,106.25,18.47561,113.29269
186,0.6604004,0.02734375,0.39160156,-2.5,22.804878,90.7622
187,0.6635742,-0.27368164,0.22998047,-96.676834,16.67683,120.97562
187,0.76000977,-0.32983398,0.18188477,-57.53049,5.8536587,75.518295
187,0.8654785,-0.30981445,0.20605469,-16.463415,7.378049,44.542683
187,0.9765625,-0.36669922,0.17602539,12.042684,16.554878,28.109756
187,1.1503906,-0.27661133,0.22851563,18.20122,24.634148,12.073171
187,1.104248,-0.12524414,0.29174805,13.963415,26.524391,-11.95122
187,1.2084961,-0.067871094,0.33129883,-33.567074,16.890244,-43.20122
187,1.3864746,-0.2163086,0.35498047,-76.585365,7.6219516,-78.75
187,1.0488281,-0.38476563,0.45507813,-91.28049,-31.859756,-111.92073
187,0.6699219,-0.48120117,0.53808594,-47.65244,-27.92683,-98.47561
187,0.74121094,-0.37280273,0.4873047,19.29878,-19.481709,-73.75
187,0.9301758,-0.25952148,0.42041016,71.676834,-21.95122,-59.542683
187,0.93530273,-0.009033203,0.3317871,64.42073,-16.067074,-29.085367
187,0.8015137,0.039794922,0.32958984,31.463415,-5.121951,-24.603659
187,0.63842773,0.008544922,0.35498047,-10.823171,-5.5792685,-31.95122
187,0.6135254,-0.22241211,0.43310547,-92.13415,9.573171,-47.469513
187,0.7426758,-0.35131836,0.35009766,-120.18293,35.762196,-32.012196
187,0.7644043,-0.41137695,0.32983398,-81.585365,42.012196,-35.27439
187,0.76416016,-0.41577148,0.33422852,-44.90854,20.884148,-51.036587
187,0.7285156,-0.44311523,0.3605957,-14.573171,16.615854,-49.17683
187,0.8520508,-0.43041992,0.3930664,15.091464,10.426829,-60.914635
187,1.0495605,-0.4038086,0.42456055,28.231709,2.8658538,-68.689026
187,1.369873,-0.42089844,0.39770508,18.414635,2.012195,-66.21951
187,1.5319824,-0.42456055,0.45166016,6.7987804,-4.237805,-53.07927
187,0.9333496,-0.37817383,0.39941406,-14.207317,-4.72561,3.2012196
187,0.74560547,-0.28808594,0.32177734,-3.6890244,-1.7987806,51.98171
187,1.0141602,-0.23339844,0.2866211,31.615854,-7.9268293,81.03659
187,1.0290527,-0.23754883,0.26367188,59.32927,-4.9695125,107.40854
187,1.0288086,-0.23608398,0.2775879,65.97561,-1.3414634,119.63415
187,0.907959,-0.20727539,0.31103516,64.664635,-0.12195122,135.79268
187,0.7602539,-0.19042969,0.33032227,55.609756,-4.7865853,132.46951
188,0.6899414,-0.14892578,0.33544922,10.091464,2.042683,111.371956
188,0.7272949,-0.27148438,0.2956543,-23.719513,-0.06097561,115.06098
188,0.8183594,-0.28515625,0.27001953,-2.042683,2.378049,76.493904
188,0.9020996,-0.2734375,0.2553711,15.030488,12.560976,57.469513
188,0.95825195,-0.25097656,0.23632813,20.670732,22.469513,38.90244
188,1.0844727,-0.19140625,0.2578125,7.4695125,31.585367,9.512196
188,1.0100098,-0.1496582,0.2841797,-10.365854,28.993902,-15.54878
188,1.1030273,-0.2109375,0.31298828,-31.432928,22.591463,-38.048782
188,1.2456055,-0.3317871,0.3190918,-41.859756,14.939025,-87.28659
188,0.9394531,-0.3942871,0.41015625,-42.317074,-18.323172,-120.54878
188,0.7331543,-0.44482422,0.49243164,-29.085367,-24.45122,-121.92074
188,0.8352051,-0.3486328,0.4650879,19.359756,-14.02439,-99.87805
188,0.9111328,-0.28466797,0.40429688,51.95122,-22.743902,-80.48781
188,0.9094238,-0.19189453,0.33544922,60.365856,-23.689026,-53.536587
188,0.78466797,-0.08569336,0.3400879,50.457317,-19.359756,-29.664635
188,0.61865234,-0.059814453,0.37719727,18.018293,-18.109756,-21.981709
188,0.57299805,-0.13671875,0.38354492,-37.317074,-7.3475614,-26.79878
188,0.68408203,-0.3088379,0.33325195,-78.018295,9.969512,-27.865854
188,0.73461914,-0.34838867,0.3413086,-62.10366,12.652439,-29.573172
188,0.7265625,-0.3635254,0.36523438,-47.92683,10.426829,-32.22561
188,0.7607422,-0.4489746,0.4206543,-19.634148,-1.3109757,-39.02439
188,0.8742676,-0.46875,0.4729004,9.847561,-6.6768293,-45.73171
188,1.0124512,-0.43896484,0.50561523,27.042683,-9.29878,-49.725613
188,1.458252,-0.43969727,0.5041504,32.10366,-6.6768293,-42.560978
188,1.4902344,-0.33911133,0.51904297,23.353659,-9.817074,-28.262196
188,0.9453125,-0.25512695,0.46923828,-0.06097561,-11.280488,6.768293
188,0.8408203,-0.2614746,0.37304688,13.902439,-6.158537,66.89024
188,0.986084,-0.25927734,0.32080078,60.15244,-3.3841465,89.72561
188,1.0529785,-0.29003906,0.30249023,93.35366,-4.115854,107.80488
188,1.151123,-0.19628906,0.2758789,148.2927,-4.9390244,133.59756
188,0.87719727,-0.080566406,0.23535156,161.03659,25.823172,107.89635
189,0.7932129,-0.036621094,0.36279297,76.43293,24.268293,104.72561
189,0.6501465,0.036132813,0.25048828,-111.0061,41.890244,105.7622
189,0.6496582,-0.32617188,0.16748047,-119.14635,10.731708,122.77439
189,0.80322266,-0.3239746,0.21484375,-43.109756,4.085366,66.73781
189,0.8483887,-0.32055664,0.19848633,0.6097561,17.896341,51.98171
189,0.9682617,-0.30664063,0.1953125,5.4268293,20.213415,34.878048
189,1.1547852,-0.22998047,0.2734375,13.689025,29.634148,5.4268293
189,1.0039063,-0.06713867,0.32641602,-8.567074,26.463415,-25.853659
189,1.1901855,-0.140625,0.3215332,-54.84756,18.993902,-47.073174
189,1.3342285,-0.29125977,0.34033203,-68.84147,7.652439,-85.914635
189,0.90234375,-0.41748047,0.47192383,-52.5,-32.896343,-121.15854
189,0.74731445,-0.42700195,0.48583984,-23.993902,-20.731709,-113.90244
189,0.83325195,-0.34887695,0.45336914,21.067074,-16.189024,-94.54269
189,0.9453125,-0.2319336,0.39624023,65.36585,-22.317074,-73.38415
189,0.95458984,-0.09472656,0.34570313,52.80488,-14.878049,-52.5
189,0.82128906,-0.020751953,0.31982422,20.457317,-7.682927,-39.878048
189,0.625,-0.06518555,0.35742188,-50.03049,-6.097561,-42.591465
189,0.64941406,-0.21118164,0.32788086,-105.30488,12.957317,-48.719513
189,0.734375,-0.3022461,0.28564453,-123.597565,23.689026,-38.689026
189,0.83374023,-0.3942871,0.26708984,-77.835365,24.817074,-40.365856
189,0.8300781,-0.41503906,0.31323242,-41.463417,14.176829,-44.268295
189,0.7524414,-0.47216797,0.37890625,-13.810976,5.762195,-49.48171
189,0.7775879,-0.4934082,0.4597168,25.243902,-5,-66.82927
189,0.9008789,-0.4868164,0.48583984,45.823174,-6.158537,-73.29269
189,1.3063965,-0.5004883,0.47607422,50.85366,-0.42682928,-70.60976
189,1.5026855,-0.37695313,0.5463867,21.219513,-6.890244,-48.932926
189,0.91137695,-0.29614258,0.46533203,-28.414635,1.6158537,2.1341465
189,0.69189453,-0.27172852,0.38452148,-28.109756,7.7134147,65.94512
189,1.041748,-0.2446289,0.3359375,46.707317,-2.957317,110.914635
189,1.0671387,-0.3112793,0.30419922,77.98781,-0.030487806,126.40244
190,1.1286621,-0.3461914,0.2919922,105.85366,5.4573174,139.54268
190,0.9577637,-0.19921875,0.30908203,115.94512,12.957317,148.71951
190,0.7792969,-0.084472656,0.3137207,73.84147,21.341463,132.46951
190,0.67944336,-0.09790039,0.28637695,-6.5853662,26.737806,121.43293
190,0.66503906,-0.25097656,0.1862793,-26.95122,9.359756,106.64635
190,0.70043945,-0.27514648,0.17163086,-18.47561,8.445122,75.426834
190,0.76708984,-0.3203125,0.1472168,-2.1646342,7.652439,56.036587
190,0.8701172,-0.34521484,0.16772461,30.70122,6.006098,26.646341
190,1.1027832,-0.32348633,0.2529297,44.32927,8.871951,-0.91463417
190,1.2329102,-0.22265625,0.32641602,41.280487,13.262196,-21.371952
190,1.090332,-0.104003906,0.3684082,-4.054878,-0.6402439,-22.22561
190,1.2775879,-0.08959961,0.3972168,-32.621952,-2.6219513,-41.432926
190,1.1098633,-0.17675781,0.46728516,-53.048782,-31.036587,-66.85976
190,0.82250977,-0.31860352,0.5061035,-51.55488,-38.292683,-78.10976
190,0.86621094,-0.30444336,0.45263672,-19.359756,-22.743902,-72.439026
190,0.92822266,-0.25097656,0.41064453,15,-22.621952,-61.768295
190,0.92163086,-0.111816406,0.35009766,27.164635,-17.256098,-45.85366
190,0.8774414,-0.072265625,0.34204102,22.865854,-7.77439,-36.432926
190,0.7277832,-0.07421875,0.3618164,5.7012196,-8.384147,-35.762196
190,0.6147461,-0.14453125,0.37646484,-52.042683,0.79268295,-42.286587
190,0.6936035,-0.2668457,0.35766602,-98.75,14.329268,-54.237804
190,0.75634766,-0.35205078,0.36987305,-105,18.384148,-59.146343
190,0.81347656,-0.41430664,0.30688477,-52.2561,23.018293,-52.286587
190,0.7319336,-0.43041992,0.35058594,-5.152439,17.073172,-72.40854
190,0.81884766,-0.4362793,0.40942383,19.146341,9.481708,-81.15854
190,0.970459,-0.36499023,0.46777344,18.780489,1.0365853,-95.060974
190,1.3432617,-0.43920898,0.5058594,-4.2987804,2.378049,-104.664635
190,1.6289063,-0.5151367,0.5048828,-30.304878,2.7134147,-86.25
190,1.1315918,-0.52075195,0.4099121,-39.573174,3.0487804,-17.896341
190,0.67871094,-0.33496094,0.34423828,-3.6890244,2.012195,40.670734
190,0.9094238,-0.1899414,0.2841797,45.030487,-7.560976,87.04269
191,1.0332031,-0.19165039,0.23510742,73.93293,2.8048782,124.23781
191,1.0253906,-0.22265625,0.24121094,86.55488,2.987805,137.31708
191,1.005127,-0.22705078,0.2800293,81.70732,10.579268,142.01219
191,0.8215332,-0.12133789,0.32177734,37.92683,18.414635,146.92073
191,0.6940918,-0.1171875,0.29223633,-37.073174,14.969513,144.17683
191,0.701416,-0.23706055,0.2241211,-57.37805,-0.91463417,141.15854
191,0.7697754,-0.25463867,0.23461914,-35.457317,-1.7987806,89.96951
191,0.845459,-0.27294922,0.24145508,-45.70122,6.9817076,64.81708
191,0.93603516,-0.3413086,0.2355957,-48.414635,12.317074,37.896343
191,1.1098633,-0.34643555,0.27148438,-13.018293,22.073172,16.310976
191,1.0332031,-0.26049805,0.32617188,10.97561,22.469513,-0.7621951
191,1.0400391,-0.25952148,0.3557129,18.018293,16.25,-15.091464
191,1.3100586,-0.32836914,0.38134766,28.20122,14.603659,-58.93293
191,1.041748,-0.34204102,0.4724121,27.073172,-18.170732,-100.85366
191,0.7583008,-0.35498047,0.5361328,18.04878,-32.682926,-115.06098
191,0.69555664,-0.2783203,0.4855957,19.085367,-20.182928,-94.54269
191,0.89575195,-0.22631836,0.43041992,37.10366,-15.823171,-79.60366
191,0.94921875,-0.13330078,0.38134766,41.920734,-10.853659,-64.90854
191,0.82836914,-0.048095703,0.31958008,10.579268,-1.5548781,-46.067074
191,0.67944336,-0.071777344,0.32373047,-25.091463,2.8658538,-42.042683
191,0.6315918,-0.1665039,0.35327148,-69.87805,3.8414636,-46.341465
191,0.7312012,-0.31274414,0.32666016,-104.96951,23.810976,-49.512196
191,0.79248047,-0.37548828,0.3112793,-104.23781,26.310976,-42.957317
191,0.8198242,-0.43115234,0.31811523,-71.06708,17.621952,-47.439026
191,0.72680664,-0.44311523,0.39208984,-17.835367,7.560976,-49.390244
191,0.7348633,-0.45776367,0.4453125,14.176829,-0.57926834,-60.091465
191,0.82055664,-0.44799805,0.48120117,36.341465,-9.634147,-76.55488
191,1.1325684,-0.43896484,0.4946289,36.280487,-6.25,-81.52439
191,1.579834,-0.43237305,0.5270996,29.908537,-6.6768293,-76.70732
191,1.3085938,-0.3659668,0.5061035,-0.21341464,-15.213415,-48.75
191,0.66674805,-0.35083008,0.40771484,-14.939025,-5,26.67683
192,0.8496094,-0.28320313,0.3371582,25.792683,-8.20122,69.87805
192,1.0058594,-0.29003906,0.31152344,70.914635,-7.7439027,93.14024
192,1.092041,-0.31933594,0.2998047,97.86585,-0.36585367,117.439026
192,1.1315918,-0.24194336,0.32592773,104.90854,13.993903,125.18293
192,0.96435547,-0.114990234,0.32543945,77.439026,18.445122,140.09146
192,0.7607422,-0.09423828,0.31030273,-1.6463416,26.859756,143.5061
192,0.77441406,-0.203125,0.27392578,-18.292683,16.82927,146.15854
192,0.81347656,-0.25585938,0.25268555,-15.853659,16.219513,127.10366
192,0.89624023,-0.27856445,0.17529297,-19.786587,13.780488,104.23781
192,0.8991699,-0.32714844,0.21264648,-2.195122,14.512196,85.64024
192,0.9921875,-0.24438477,0.27905273,25.42683,21.79878,69.54269
192,1.0620117,-0.16430664,0.32495117,21.859756,27.012196,34.085365
192,0.9387207,-0.1274414,0.3383789,-6.768293,14.45122,4.664634
192,1.0939941,-0.19311523,0.32739258,-40.091465,8.658537,-31.432928
192,1.0209961,-0.36572266,0.37329102,-53.963417,-25.945122,-96.64635
192,0.81811523,-0.46728516,0.51000977,-25.640245,-44.146343,-129.72562
192,0.7084961,-0.39233398,0.5830078,10.579268,-35.97561,-138.65854
192,0.94555664,-0.3154297,0.5004883,38.140244,-27.560976,-126.64635
192,1.1022949,-0.2265625,0.4086914,61.067074,-28.47561,-109.57317
192,1.0913086,-0.08227539,0.34375,49.7561,-24.512196,-81.21951
192,0.8288574,-0.020996094,0.3605957,7.9573174,-23.140244,-59.45122
192,0.6479492,-0.057861328,0.40307617,-23.384148,-18.353659,-51.036587
192,0.60375977,-0.13720703,0.3840332,-58.23171,-0.36585367,-48.20122
192,0.7128906,-0.2265625,0.32592773,-89.20732,18.567074,-37.19512
192,0.78515625,-0.28125,0.2890625,-88.62805,28.323172,-37.77439
192,0.8222656,-0.34472656,0.30249023,-71.52439,25.945122,-46.09756
192,0.7614746,-0.4597168,0.36279297,-54.298782,12.469513,-52.713417
192,0.7895508,-0.5007324,0.4321289,-25,7.3475614,-65.03049
192,0.87475586,-0.49365234,0.48657227,-2.4085367,-0.45731708,-73.65854
193,1.4460449,-0.5324707,0.5187988,14.939025,-1.4634147,-77.560974
193,1.4890137,-0.43701172,0.51000977,13.262196,-8.963415,-63.262196
193,1.0405273,-0.35864258,0.4128418,-8.871951,-6.7987804,-12.835366
193,0.7944336,-0.2211914,0.3503418,14.481708,-9.420732,61.95122
193,1.0366211,-0.12524414,0.33007813,52.987804,-4.72561,96.73781
193,1.0651855,-0.18652344,0.30126953,68.93293,-2.7743902,127.04269
193,1.0969238,-0.24267578,0.29052734,85.48781,8.506098,140.91464
193,0.99316406,-0.17041016,0.31079102,86.25,10.823171,157.5
193,0.80615234,-0.12768555,0.2692871,77.835365,16.12805,152.16464
193,0.70947266,-0.12109375,0.33154297,30.030489,3.5670733,132.68292
193,0.6201172,-0.1809082,0.27954102,-48.140244,28.993902,105.518295
193,0.7404785,-0.3762207,0.22143555,-49.969513,-0.88414633,101.52439
193,0.8730469,-0.2980957,0.23046875,-17.042683,16.554878,45.15244
193,0.9523926,-0.3034668,0.20043945,-8.689025,19.72561,26.585367
193,1.1108398,-0.32006836,0.20751953,-0.6402439,22.92683,8.079268
193,1.0605469,-0.14575195,0.25756836,3.262195,24.359756,-20.731709
193,1.1525879,-0.118652344,0.30078125,-16.432928,15.030488,-38.90244
193,1.3762207,-0.23510742,0.34399414,-35.457317,11.432927,-68.38415
193,0.9902344,-0.41723633,0.5029297,-37.164635,-36.859756,-107.68293
193,0.7121582,-0.43603516,0.60375977,-11.067074,-39.84756,-101.585365
193,0.7348633,-0.34326172,0.5612793,24.695122,-27.896341,-80.45732
193,0.9152832,-0.19677734,0.4116211,62.439026,-20.57927,-52.560978
193,0.9248047,-0.022949219,0.32641602,49.69512,-18.47561,-37.713417
193,0.8376465,0.011474609,0.30908203,15.060976,-9.664635,-35.548782
193,0.6269531,-0.06542969,0.3461914,-31.463415,-4.878049,-38.810978
193,0.6184082,-0.15820313,0.32739258,-77.10366,7.8353662,-49.939026
193,0.6899414,-0.30395508,0.3244629,-106.52439,23.07927,-48.689026
193,0.78393555,-0.42871094,0.28564453,-61.707317,26.40244,-40
193,0.79296875,-0.35791016,0.3034668,-33.841465,22.5,-50.27439
193,0.7780762,-0.4013672,0.3659668,-27.073172,7.9573174,-52.2561
193,0.8112793,-0.46240234,0.46118164,10.304878,-6.9512196,-70.60976
194,0.89331055,-0.44555664,0.4831543,27.896341,-11.52439,-81.768295
194,1.2595215,-0.48535156,0.49804688,34.268295,-8.414635,-85.914635
194,1.5268555,-0.36865234,0.5090332,27.408537,-4.8170733,-63.35366
194,1.0161133,-0.33154297,0.44458008,-8.292683,-8.993902,-22.835367
194,0.63671875,-0.2619629,0.40283203,-4.359756,1.890244,47.19512
194,1.0087891,-0.17407227,0.3564453,41.219513,0.79268295,94.35976
194,1.0617676,-0.23266602,0.32666016,54.542683,5.7012196,114.35976
194,1.0827637,-0.3083496,0.29785156,60.396343,11.402439,131.31097
194,0.9790039,-0.21386719,0.26757813,93.44512,12.682927,157.0427
194,0.83203125,-0.14501953,0.27612305,96.98171,15,142.7744
194,0.7775879,-0.08544922,0.35620117,45.94512,12.195122,124.87805
194,0.7114258,-0.2121582,0.24291992,-49.664635,18.932928,139.60367
194,0.7414551,-0.29077148,0.19702148,-32.896343,2.042683,96.85976
194,0.7824707,-0.31225586,0.21240234,-7.22561,8.384147,64.268295
194,0.95166016,-0.3310547,0.20727539,11.707317,18.018293,39.72561
194,1.0661621,-0.23217773,0.24902344,15.060976,26.371952,16.646341
194,1.0637207,-0.10522461,0.2783203,1.9512196,27.134148,-5.8536587
194,1.0410156,-0.110839844,0.33496094,-46.40244,13.597561,-33.841465
194,1.3503418,-0.25048828,0.34448242,-69.11585,11.707317,-64.664635
194,1.1882324,-0.37402344,0.42382813,-66.21951,-16.920732,-102.65244
194,0.8251953,-0.46606445,0.57714844,-25.335367,-35.213417,-117.65244
194,0.7265625,-0.3713379,0.5395508,19.756098,-23.07927,-97.621956
194,0.84399414,-0.2524414,0.45654297,55.457317,-21.189024,-70.7622
194,0.8955078,-0.03857422,0.3466797,53.62805,-17.22561,-45.396343
194,0.8840332,0.006103516,0.31225586,26.12805,-7.0731707,-36.768295
194,0.7546387,-0.028564453,0.32470703,-4.3292685,-2.7134147,-40.30488
194,0.6530762,-0.14916992,0.32666016,-77.621956,7.22561,-54.05488
194,0.7167969,-0.32250977,0.2998047,-122.07317,25.15244,-60.30488
194,0.7919922,-0.41577148,0.2956543,-114.35976,30.396341,-56.28049
194,0.8017578,-0.4416504,0.32836914,-66.64634,24.603659,-68.07927
194,0.7355957,-0.42333984,0.34423828,-34.32927,16.585365,-69.20732
194,0.76220703,-0.4284668,0.38183594,-11.737805,7.1036587,-75.54878
195,0.9602051,-0.44873047,0.41015625,11.554878,-0.15243903,-89.60366
195,1.2624512,-0.484375,0.39672852,11.128049,0.33536586,-82.164635
195,1.6235352,-0.5761719,0.4284668,15.243903,-7.9573174,-58.323174
195,1.0754395,-0.3671875,0.46166992,10.213415,-11.829268,7.5914636
195,0.7207031,-0.15673828,0.45483398,1.3109757,-6.646342,58.23171
195,0.9453125,-0.18139648,0.4169922,1.3414634,-7.7439027,81.64635
195,1.0402832,-0.3046875,0.3425293,8.323171,0.73170733,113.62805
195,1.0515137,-0.4248047,0.3034668,33.871952,-2.835366,125.335365
195,1.0263672,-0.36645508,0.27685547,99.11585,-9.268293,151.28049
195,0.7998047,-0.22875977,0.21484375,199.08537,-4.908537,128.44513
195,0.81030273,-0.040771484,0.39672852,144.57318,2.5609756,126.15854
195,0.6984863,0.123046875,0.29663086,-7.5,39.237804,99.7561
195,0.71728516,-0.3095703,0.19555664,-65.73171,0.5487805,105.97561
195,0.8256836,-0.29541016,0.22729492,-13.567074,11.189025,46.067074
195,0.89208984,-0.33789063,0.21704102,2.2256098,24.756098,37.469513
195,1.1628418,-0.2919922,0.20629883,-1.1890244,36.067074,15.487805
195,1.0959473,-0.12084961,0.25683594,-10.27439,39.268295,-10.27439
195,0.99072266,-0.06762695,0.296875,-45.70122,27.256098,-26.341465
195,1.3303223,-0.23510742,0.2956543,-87.53049,20.365854,-61.67683
195,1.1791992,-0.37402344,0.36401367,-85.60976,-12.621951,-93.53659
195,0.81152344,-0.50512695,0.5288086,-57.53049,-42.5,-106.768295
195,0.67993164,-0.5004883,0.5437012,44.573174,-39.085365,-85.60976
195,0.87231445,-0.3684082,0.46362305,125.121956,-41.737804,-64.54269
195,0.9494629,-0.16455078,0.37890625,150.06097,-49.115856,-40.762196
195,0.92163086,0.028808594,0.32006836,100.94512,-31.920732,-17.012196
195,0.7619629,0.06591797,0.34814453,53.963417,-28.353659,-22.042683
195,0.6477051,-0.004394531,0.36987305,-2.7134147,-21.463415,-31.920732
195,0.6647949,-0.17675781,0.34179688,-84.02439,8.871951,-41.859756
195,0.73095703,-0.29760742,0.34326172,-104.54269,19.756098,-41.0061
195,0.7807617,-0.3762207,0.3178711,-103.38415,26.067074,-43.07927
196,0.72680664,-0.3930664,0.3737793,-55.121952,16.524391,-53.170734
196,0.71362305,-0.40527344,0.43139648,-34.17683,14.45122,-53.414635
196,0.8166504,-0.45483398,0.4638672,1.25,6.3414636,-65.57927
196,1.0356445,-0.3798828,0.49682617,30.54878,0.30487806,-72.621956
196,1.4614258,-0.3696289,0.5095215,23.323172,4.02439,-73.10976
196,1.5146484,-0.2861328,0.5239258,-5.152439,-1.0670732,-54.817074
196,0.90478516,-0.30493164,0.45043945,-47.835365,1.6463416,-8.384147
196,0.70336914,-0.32788086,0.36499023,-33.140244,6.52439,43.35366
196,0.9729004,-0.30322266,0.31176758,20.42683,1.890244,72.98781
196,1.0595703,-0.30737305,0.25927734,70.27439,5.792683,100.15244
196,1.0668945,-0.27001953,0.24414063,95.15244,11.8902445,122.22562
196,0.9375,-0.13964844,0.26391602,110.82317,16.25,130.60976
196,0.7480469,-0.087646484,0.29858398,56.493904,6.3719516,132.7744
196,0.701416,-0.06201172,0.24853516,-9.02439,18.780489,131.49391
196,0.7331543,-0.2277832,0.21533203,-34.237804,5.487805,129.20732
196,0.890625,-0.28808594,0.21606445,-29.84756,9.664635,93.04878
196,0.9663086,-0.33154297,0.22265625,-17.896341,12.591464,70.64024
196,1.0976563,-0.34814453,0.23730469,-8.780488,13.810976,49.237804
196,1.2150879,-0.18432617,0.28125,-4.359756,21.646341,18.07927
196,1.0178223,-0.06762695,0.2861328,-12.713415,9.634147,-2.9268293
196,1.0405273,-0.107177734,0.3149414,-29.207317,3.5670733,-21.09756
196,1.1867676,-0.24389648,0.3461914,-37.378048,1.8597561,-70.85366
196,0.953125,-0.375,0.4248047,-33.23171,-27.042683,-103.689026
196,0.77319336,-0.43945313,0.55810547,-6.5853662,-36.646343,-116.89024
196,0.7114258,-0.38500977,0.58251953,43.44512,-37.012196,-114.39024
196,0.8125,-0.32983398,0.4736328,68.20122,-36.615856,-86.52439
196,0.91845703,-0.18774414,0.36132813,77.31708,-24.29878,-68.93293
196,0.8535156,-0.010986328,0.3173828,43.59756,-15.457317,-53.5061
196,0.6828613,0.002197266,0.30249023,-17.073172,-14.02439,-42.560978
196,0.62280273,-0.12084961,0.2980957,-72.256096,7.012195,-49.725613
197,0.7312012,-0.24804688,0.27539063,-84.14635,16.036585,-36.493904
197,0.8071289,-0.35961914,0.29223633,-54.817074,33.262196,-38.536587
197,0.8640137,-0.34228516,0.35180664,-47.225613,15.884147,-27.560976
197,0.7727051,-0.48339844,0.4387207,-33.810978,4.2987804,-28.07927
197,0.7937012,-0.49804688,0.5048828,-2.6219513,-4.512195,-34.085365
197,0.8798828,-0.42944336,0.51708984,19.024391,-3.445122,-36.128048
197,1.2651367,-0.39868164,0.46875,26.463415,-1.7378049,-33.018295
197,1.543457,-0.31933594,0.49975586,22.682928,-1.3109757,-34.02439
197,1.1013184,-0.19873047,0.4584961,-6.8292685,-7.987805,-12.804878
197,0.80493164,-0.19848633,0.35864258,-15.6707325,7.5,43.628048
197,1.017334,-0.25048828,0.34204102,31.158537,4.5731707,84.14635
197,1.0546875,-0.28979492,0.33691406,78.597565,2.1646342,115.18293
197,1.0900879,-0.2614746,0.3244629,110.54878,8.658537,135.12195
197,0.9633789,-0.14355469,0.32958984,98.84147,16.067074,132.71342
197,0.7939453,-0.07421875,0.29907227,43.292683,6.0670733,130.36586
197,0.6196289,-0.11669922,0.23388672,-29.969513,22.042683,96.189026
197,0.6711426,-0.24316406,0.2175293,-55.518295,9.268293,100.36585
197,0.7595215,-0.29760742,0.21484375,-24.634148,-0.5487805,68.04878
197,0.8557129,-0.29174805,0.20629883,7.682927,16.79878,38.018295
197,0.99609375,-0.2331543,0.22705078,14.817074,24.634148,17.835367
197,1.0690918,-0.14892578,0.25830078,4.420732,30.518293,-6.158537
197,1.0224609,-0.09814453,0.30322266,-30.182928,27.439026,-35.30488
197,1.154541,-0.19677734,0.32885742,-55.060978,20.823172,-55.18293
197,1.3601074,-0.30566406,0.3322754,-61.036587,18.231709,-84.14635
197,0.9926758,-0.4025879,0.41259766,-46.036587,-28.353659,-119.29878
197,0.75756836,-0.42700195,0.5246582,-22.195122,-36.707317,-118.04878
197,0.75268555,-0.37304688,0.5510254,19.207317,-31.371952,-96.097565
197,0.86035156,-0.28759766,0.44873047,70.64024,-30.213415,-55.18293
197,0.8947754,-0.10253906,0.34033203,71.189026,-22.682928,-27.896341
197,0.8708496,0.048095703,0.31225586,35.30488,-10.396341,-19.146341
197,0.6672363,0.013427734,0.3774414,-37.34756,-4.237805,-21.09756
198,0.61743164,-0.13305664,0.37036133,-90.57927,8.414635,-28.506098
198,0.6516113,-0.28466797,0.38110352,-118.2622,21.493902,-30.060976
198,0.72021484,-0.4580078,0.33544922,-71.06708,25.914635,-22.134148
198,0.7104492,-0.46533203,0.35717773,-26.006098,11.371951,-30.030489
198,0.6982422,-0.47509766,0.41357422,14.054878,3.2012196,-38.140244
198,0.80615234,-0.41723633,0.46020508,38.048782,-6.5853662,-50.42683
198,0.9338379,-0.37109375,0.4333496,33.719513,-6.280488,-52.896343
198,1.2119141,-0.39624023,0.4050293,26.158537,-2.4390244,-52.042683
198,1.5927734,-0.4008789,0.44921875,16.79878,-5.304878,-37.2561
198,1.1674805,-0.3762207,0.42236328,-10.091464,-10.304878,-0.30487806
198,0.78149414,-0.3293457,0.35546875,-9.695122,-2.957317,55.18293
198,1.003418,-0.2590332,0.31079102,37.591465,-7.987805,97.347565
198,1.0769043,-0.31445313,0.29101563,62.621952,-17.439024,123.78049
198,1.0622559,-0.29077148,0.19750977,104.63415,-30.304878,144.0244
198,0.97924805,-0.22851563,0.21069336,167.0427,19.87805,90.701225
198,0.8664551,-0.008789063,0.35351563,96.06708,32.34756,101.73781
198,0.72924805,0.10522461,0.30664063,-56.036587,10.731708,111.52439
198,0.62280273,-0.34057617,0.18261719,-106.55488,0.945122,125.85366
198,0.7570801,-0.34545898,0.20410156,-25.487806,-10.54878,74.96951
198,0.8078613,-0.33911133,0.22094727,22.835367,5.97561,57.68293
198,0.8984375,-0.30126953,0.2607422,32.5,13.780488,31.737806
198,1.0793457,-0.18383789,0.3408203,18.780489,30.304878,-3.0792685
198,1.1608887,-0.1015625,0.35473633,-2.6219513,39.573174,-32.34756
198,1.1501465,-0.10864258,0.3461914,-64.176834,25.884148,-55.365856
198,1.3881836,-0.24487305,0.33666992,-86.46342,24.786587,-87.621956
198,1.1796875,-0.43896484,0.41308594,-57.134148,-12.317074,-118.35366
198,0.8161621,-0.42626953,0.40283203,24.237806,-22.591463,-120.48781
198,0.82543945,-0.2800293,0.37182617,72.98781,-21.524391,-102.56098
198,0.9160156,-0.15942383,0.33325195,85.48781,-27.621952,-78.84147
198,0.8618164,-0.078125,0.2626953,54.60366,-18.658537,-45.121952
198,0.8117676,-0.06591797,0.28222656,41.036587,-12.987805,-38.109756
198,0.6972656,-0.07397461,0.37524414,8.567074,-16.006098,-43.018295
199,0.64575195,-0.09082031,0.29223633,-94.02439,3.5060976,-49.969513
199,0.7451172,-0.20410156,0.2097168,-132.53049,16.768293,-57.591465
199,0.85546875,-0.25390625,0.19458008,-112.71342,17.621952,-65.39634
199,0.8864746,-0.3955078,0.25952148,-69.085365,11.280488,-61.341465
199,0.81030273,-0.45385742,0.3876953,-35.70122,0.4878049,-59.786587
199,0.7661133,-0.48120117,0.5036621,-14.359756,-2.4085367,-56.12805
199,0.84399414,-0.48242188,0.55200195,-0.18292683,-8.384147,-66.25
199,1.0964355,-0.44873047,0.51171875,2.2865853,-2.3475611,-62.164635
199,1.5786133,-0.49658203,0.52368164,8.1402445,1.25,-52.621952
199,1.1586914,-0.390625,0.4729004,1.0365853,-2.7743902,-7.6219516
199,0.78344727,-0.32788086,0.40893555,6.3719516,5.7317076,60.243904
199,1.0285645,-0.21044922,0.39257813,36.067074,7.1341467,103.07927
199,1.0883789,-0.24682617,0.3659668,54.298782,13.109756,130.76219
199,1.1020508,-0.3112793,0.32714844,55.762196,18.90244,146.09756
199,1.0766602,-0.27416992,0.30908203,74.5122,21.158537,159.39024
199,0.8720703,-0.15673828,0.29663086,82.86585,23.384148,159.87805
199,0.7763672,-0.088378906,0.27124023,37.164635,28.62805,150.36586
199,0.80566406,-0.14160156,0.24731445,4.237805,21.463415,145.30489
199,0.83251953,-0.2211914,0.22949219,-16.036585,23.871952,105.15244
199,0.8703613,-0.25561523,0.20947266,-27.37805,24.84756,83.10976
199,0.86938477,-0.2680664,0.19091797,-25.731709,26.189026,60.30488
199,1.0246582,-0.23535156,0.1965332,-12.591464,29.84756,31.158537
199,1.0009766,-0.17163086,0.22460938,-11.859756,29.268293,2.987805
199,0.9160156,-0.13549805,0.26391602,-23.689026,12.591464,-24.390244
199,1.125,-0.24951172,0.30151367,-37.19512,1.7378049,-80.67073
199,1.0354004,-0.39135742,0.39331055,-35.792683,-26.67683,-126.34147
199,0.8730469,-0.45288086,0.5432129,-19.481709,-43.292683,-153.62805
199,0.8679199,-0.41137695,0.57373047,25.945122,-39.146343,-150.45732
199,0.99780273,-0.28149414,0.52905273,55.73171,-35.670734,-129.39024
200,1.0080566,-0.095214844,0.48608398,54.17683,-33.384148,-104.085365
200,0.8942871,0.03540039,0.42456055,12.256098,-16.280489,-69.96951
200,0.71655273,0.010742188,0.41455078,-27.896341,-13.597561,-56.98171
200,0.62475586,-0.13330078,0.39624023,-80.85366,-3.6585367,-54.90854
200,0.6833496,-0.25634766,0.33496094,-131.21951,20.518293,-46.55488
200,0.81347656,-0.39868164,0.26171875,-100,31.036587,-30.243904
200,0.88378906,-0.37158203,0.29956055,-63.048782,28.292683,-34.634148
200,0.80566406,-0.45263672,0.41064453,-26.920732,18.689024,-38.536587
200,0.75878906,-0.47314453,0.4934082,-14.939025,10.030488,-48.536587
200,0.7937012,-0.46899414,0.5209961,-11.768293,9.29878,-61.341465
200,1.0615234,-0.5061035,0.50390625,-5.7317076,5.304878,-71.006096
200,1.5383301,-0.5241699,0.51464844,3.5060976,3.7195122,-71.89024
200,1.392334,-0.4645996,0.4753418,4.420732,-7.3475614,-49.02439
200,0.74487305,-0.33911133,0.40063477,27.65244,-5.762195,19.87805
200,0.8613281,-0.20727539,0.37426758,58.475613,-4.664634,76.64635
200,0.9831543,-0.20605469,0.35717773,73.597565,3.262195,112.40854
200,0.9855957,-0.28027344,0.31567383,77.98781,9.268293,136.73781
200,1.0131836,-0.2998047,0.30932617,81.006096,10.731708,146.34146
200,0.93066406,-0.1928711,0.31103516,81.371956,14.939025,152.43903
200,0.8378906,-0.10620117,0.27563477,30.182928,21.768293,147.37805
200,0.8562012,-0.11328125,0.25219727,-8.079268,21.493902,142.31708
200,0.87402344,-0.20507813,0.22851563,-33.47561,19.634148,123.10976
200,0.95996094,-0.27319336,0.19677734,-46.67683,20,90.121956
200,0.9382324,-0.2836914,0.20996094,-35.82317,18.262196,70.21342
200,1.0078125,-0.23583984,0.24609375,-17.012196,20.365854,50.884148
200,0.954834,-0.123535156,0.28833008,-5.152439,18.445122,14.146341
200,0.94799805,-0.12963867,0.32617188,-19.542683,7.4390244,-13.932927
200,1.2104492,-0.2265625,0.33691406,-32.439026,8.780488,-63.109756
200,1.0197754,-0.43896484,0.4416504,-32.835365,-27.804878,-121.585365
200,0.77124023,-0.4296875,0.5876465,-7.042683,-38.292683,-142.01219
200,0.720459,-0.39648438,0.6328125,33.993904,-42.835365,-136.67683
201,0.9375,-0.28173828,0.5449219,87.98781,-36.219513,-105.30488
201,0.9243164,-0.07543945,0.43725586,89.87805,-36.280487,-76.097565
201,0.85961914,0.037841797,0.3786621,44.84756,-26.158537,-61.341465
201,0.68481445,0.024414063,0.37060547,-27.835367,-12.469513,-55.243904
201,0.64038086,-0.13549805,0.35131836,-75.97561,1.5243902,-58.90244
201,0.6972656,-0.24023438,0.3305664,-96.371956,20.457317,-52.164635
201,0.85375977,-0.3828125,0.3371582,-68.2622,35.792683,-41.189026
201,0.93310547,-0.38842773,0.3918457,-59.939026,25.823172,-39.298782
201,0.80126953,-0.48291016,0.46069336,-43.44512,15.335366,-37.896343
201,0.7416992,-0.4194336,0.49487305,-24.054878,9.3902445,-43.719513
201,0.8215332,-0.4177246,0.4987793,-9.237805,0.8231708,-55.213417
201,1.0776367,-0.43041992,0.45922852,11.981708,-1.3414634,-59.939026
201,1.5405273,-0.38989258,0.5078125,25.70122,2.835366,-55.518295
201,1.1542969,-0.33325195,0.50561523,7.0731707,-10.487805,-30.731709
201,0.6508789,-0.28076172,0.44262695,-2.042683,-0.8231708,27.012196
201,0.90063477,-0.23364258,0.37597656,30.609756,1.1890244,82.0122
201,0.9885254,-0.24267578,0.33447266,56.82927,0.06097561,105.335365
201,1.0512695,-0.35327148,0.31298828,74.11585,1.7987806,120.64024
201,1.0805664,-0.23803711,0.32641602,97.621956,10.335366,134.4817
201,0.89990234,-0.13623047,0.31811523,63.536587,15.762196,127.0122
201,0.7817383,-0.12841797,0.30517578,23.932928,16.09756,135.57927
201,0.795166,-0.18554688,0.2697754,-8.658537,15.518293,121.951225
201,0.85546875,-0.23852539,0.25439453,-17.621952,15.27439,109.57317
201,0.91796875,-0.265625,0.25170898,-15.121952,17.164635,96.15854
201,0.9296875,-0.20629883,0.26245117,-10.518293,22.195122,77.86585
201,1.03125,-0.15649414,0.29858398,-11.585366,27.012196,55.70122
201,1.0075684,-0.10449219,0.30444336,-22.896341,27.774391,26.82927
201,0.8730469,-0.12524414,0.32250977,-52.37805,11.341464,-12.77439
201,1.1757813,-0.28149414,0.3203125,-62.10366,11.859756,-63.536587
201,1.1208496,-0.46801758,0.37841797,-50.792683,-6.3109756,-120.67074
201,0.7470703,-0.5004883,0.55493164,-16.615854,-33.23171,-157.71342
201,0.7246094,-0.4399414,0.55908203,27.22561,-25.487806,-150.48781
202,0.98583984,-0.31860352,0.53149414,79.60366,-24.420732,-132.5
202,1.0336914,-0.025878906,0.48657227,76.493904,-23.109756,-78.75
202,0.9328613,0.06567383,0.40454102,30.70122,-6.52439,-41.067074
202,0.751709,0.063964844,0.39257813,-13.567074,-1.890244,-29.84756
202,0.5998535,-0.096191406,0.3557129,-103.14024,4.6341467,-33.871952
202,0.66259766,-0.2836914,0.30249023,-141.40244,23.170732,-31.25
202,0.7553711,-0.41333008,0.26757813,-122.2561,34.786587,-22.22561
202,0.826416,-0.43017578,0.26733398,-72.07317,28.292683,-28.018293
202,0.76660156,-0.44506836,0.3244629,-35.97561,20.304878,-31.737806
202,0.7158203,-0.4724121,0.41357422,5.030488,7.1951222,-42.2561
202,0.7248535,-0.4296875,0.45947266,39.02439,-6.3719516,-69.756096
202,0.9030762,-0.4140625,0.48876953,35.884148,-7.4390244,-83.78049
202,1.2150879,-0.39990234,0.4814453,20.42683,-1.890244,-85.79269
202,1.5065918,-0.49609375,0.47753906,6.3719516,-7.164634,-59.45122
202,1.0283203,-0.45507813,0.4560547,4.2073174,-10.6402445,-6.3414636
202,0.70874023,-0.2854004,0.4104004,20.304878,-6.097561,53.323174
202,1.0197754,-0.19042969,0.3725586,52.621952,-6.9817076,97.07317
202,0.9897461,-0.2265625,0.33325195,55.091465,-0.4878049,114.63415
202,1.0270996,-0.3190918,0.28466797,50.975613,1.9207318,127.68293
202,0.9682617,-0.29956055,0.27124023,78.38415,-1.1585367,144.20732
202,0.8334961,-0.17871094,0.2668457,88.17073,-2.2560976,142.34756
202,0.7763672,-0.1262207,0.28881836,59.359756,2.8048782,140.03049
202,0.77563477,-0.16870117,0.27490234,6.9512196,4.1463413,120.30488
202,0.81469727,-0.26220703,0.25,-14.573171,5.030488,102.37805
202,0.8691406,-0.2998047,0.23852539,-15.335366,9.817074,81.43293
202,0.9785156,-0.25976563,0.25952148,-4.420732,14.512196,54.60366
202,1.0769043,-0.16430664,0.27954102,-5.0609756,22.5,27.957317
202,1.0219727,-0.095458984,0.29370117,-24.786587,19.390244,-0.8231708
202,1.1074219,-0.19213867,0.3010254,-48.048782,7.408537,-38.170734
203,1.302002,-0.33496094,0.34033203,-45.335365,1.7682927,-76.43293
203,1.0715332,-0.39575195,0.42260742,-30.274391,-28.993902,-117.98781
203,0.79711914,-0.4321289,0.5715332,5.7317076,-46.067074,-130.36586
203,0.7854004,-0.34692383,0.51708984,40.823174,-33.90244,-109.29878
203,0.920166,-0.21240234,0.43554688,73.07927,-32.19512,-79.90854
203,0.95654297,0.030029297,0.390625,54.939026,-18.871952,-54.085365
203,0.8220215,0.07299805,0.38012695,8.932927,-8.353659,-43.871952
203,0.68237305,-0.022949219,0.37353516,-48.780487,-2.4390244,-48.44512
203,0.6640625,-0.203125,0.3635254,-128.04878,16.615854,-55.365856
203,0.77490234,-0.35888672,0.25830078,-133.17073,32.77439,-47.987804
203,0.8220215,-0.41723633,0.25976563,-78.65854,32.042683,-45.85366
203,0.8522949,-0.4206543,0.29052734,-32.22561,26.25,-57.134148
203,0.7548828,-0.44506836,0.33935547,0.945122,11.158537,-56.12805
203,0.7368164,-0.40478516,0.38745117,26.25,-3.0792685,-69.57317
203,0.9345703,-0.4091797,0.4555664,13.506098,-7.896342,-73.871956
203,1.3081055,-0.49414063,0.46533203,2.042683,-6.890244,-63.841465
203,1.5524902,-0.54125977,0.49365234,-0.06097561,-10.518293,-46.55488
203,1.0754395,-0.4020996,0.42895508,-1.3414634,-10.304878,2.042683
203,0.72265625,-0.27661133,0.35546875,-1.0670732,-6.097561,52.65244
203,0.8913574,-0.2536621,0.30737305,23.170732,-12.164635,94.42073
203,0.95336914,-0.32250977,0.2553711,75.60976,-7.0731707,122.95732
203,1.1262207,-0.32714844,0.2758789,106.493904,0.12195122,131.55489
203,1.1320801,-0.23803711,0.28442383,108.78049,15.304878,139.51219
203,0.86450195,-0.084228516,0.25683594,53.841465,20.731709,134.54268
203,0.7739258,-0.13378906,0.2541504,4.2987804,21.006098,141.15854
203,0.8222656,-0.19360352,0.22045898,-14.3902445,17.134148,126.31098
203,0.83984375,-0.25341797,0.18432617,-22.896341,12.682927,103.689026
203,0.86499023,-0.3017578,0.17944336,-17.835367,7.530488,84.63415
203,0.9008789,-0.2709961,0.19384766,0.7621951,9.908537,62.286587
203,1.0969238,-0.2043457,0.24023438,17.317074,18.262196,25.945122
203,1.0688477,-0.115234375,0.25097656,0.85365856,20.121952,-1.4329269
203,0.9836426,-0.10839844,0.27001953,-29.908537,7.378049,-23.384148
204,1.2995605,-0.2421875,0.27612305,-40.97561,1.9512196,-74.14635
204,1.1066895,-0.3671875,0.3395996,-32.164635,-23.07927,-119.20732
204,0.8852539,-0.4650879,0.4658203,-13.292684,-42.225613,-142.95732
204,0.8947754,-0.3972168,0.49902344,37.164635,-29.024391,-137.22562
204,0.9355469,-0.29663086,0.43237305,67.65244,-29.664635,-111.06708
204,0.90966797,-0.13623047,0.36279297,65.21342,-29.512196,-86.097565
204,0.88305664,0.016357422,0.33032227,27.865854,-10.152439,-50.457317
204,0.7307129,0.024169922,0.36694336,-17.012196,-7.2865853,-44.634148
204,0.64331055,-0.09277344,0.33496094,-86.89024,5.182927,-48.35366
204,0.7451172,-0.30566406,0.26513672,-153.53659,26.646341,-49.359756
204,0.77441406,-0.453125,0.18554688,-137.19513,29.573172,-40.97561
204,0.8276367,-0.4633789,0.21044922,-88.414635,23.04878,-41.798782
204,0.76123047,-0.4885254,0.23657227,-34.359756,11.371951,-43.44512
204,0.8383789,-0.47753906,0.30419922,2.1646342,-2.652439,-46.67683
204,0.89746094,-0.49316406,0.4248047,39.60366,-16.341463,-50.42683
204,1.013916,-0.47998047,0.4699707,64.60366,-20.304878,-40.85366
204,1.4880371,-0.46289063,0.52075195,64.90854,-13.536586,-33.109756
204,1.4807129,-0.34179688,0.5341797,34.57317,-11.371951,-13.47561
204,0.842041,-0.1928711,0.46972656,-23.841463,10,39.90854
204,0.8305664,-0.17114258,0.4206543,-23.231709,10.945122,80.21342
204,0.9555664,-0.23925781,0.34204102,-3.1707318,14.756098,99.29878
204,1.1574707,-0.38183594,0.32055664,53.75,-14.969513,157.16464
204,1.0141602,-0.25683594,0.13842773,185.91464,-6.5853662,174.14635
204,0.8720703,-0.055419922,0.26489258,217.98781,14.359756,53.5061
204,0.90625,0.013427734,0.54174805,-9.634147,58.993904,88.90244
204,0.7199707,0.15820313,0.16723633,-158.56708,44.542683,138.35367
204,0.64038086,-0.41015625,0.10131836,-119.05488,-0.24390244,131.49391
204,0.8161621,-0.25878906,0.19238281,4.512195,8.109756,48.65854
204,0.87841797,-0.40722656,0.2084961,22.713415,12.77439,48.5061
204,1.0251465,-0.42138672,0.18725586,24.969513,12.347561,35.182926
205,1.1142578,-0.22338867,0.2680664,27.37805,31.82927,-5.5487804
205,1.0297852,-0.09301758,0.3203125,15.121952,23.59756,-29.634148
205,1.1750488,-0.092041016,0.35327148,-23.90244,28.59756,-49.60366
205,1.2746582,-0.26391602,0.3708496,-90.82317,16.09756,-101.768295
205,0.9423828,-0.34521484,0.41601563,-132.28659,-14.207317,-136.43294
205,0.6828613,-0.4650879,0.46728516,-112.04269,-13.963415,-136.82927
205,0.81396484,-0.44262695,0.49853516,21.219513,-13.75,-121.85976
205,0.8835449,-0.34814453,0.4729004,91.12805,-18.04878,-94.939026
205,0.89697266,-0.19824219,0.37231445,101.676834,-21.006098,-58.44512
205,0.8105469,0.004150391,0.31274414,59.573174,-7.865854,-32.682926
205,0.71069336,0.020019531,0.37890625,2.3170733,-8.963415,-37.957317
205,0.7023926,-0.123291016,0.37695313,-60.670734,2.8658538,-44.725613
205,0.7338867,-0.28076172,0.34643555,-86.92073,21.40244,-40.762196
205,0.7102051,-0.34057617,0.3425293,-78.17073,24.32927,-27.957317
205,0.71728516,-0.41259766,0.3635254,-59.7561,17.408537,-27.37805
205,0.74731445,-0.46191406,0.39770508,-14.664635,13.719513,-27.92683
205,0.81347656,-0.4260254,0.42163086,11.067074,8.597561,-35.091465
205,0.90625,-0.40185547,0.4206543,13.109756,4.268293,-43.689026
205,1.0551758,-0.3786621,0.39892578,2.012195,1.1280488,-47.317074
205,1.5288086,-0.4711914,0.49267578,2.7439024,-4.1463413,-49.05488
205,1.2878418,-0.42456055,0.4921875,-0.91463417,-14.268293,-33.35366
205,0.6726074,-0.39135742,0.35864258,-6.768293,-6.9512196,29.481709
205,0.8925781,-0.30859375,0.30981445,36.920734,-16.737804,68.32317
205,0.970459,-0.24511719,0.29492188,89.81708,-17.34756,94.96951
205,1.1174316,-0.27954102,0.28393555,121.61586,-13.323171,121.0061
205,1.1479492,-0.18432617,0.29882813,117.743904,-1.4939024,129.81708
205,0.9465332,-0.12915039,0.3083496,93.47561,0.45731708,149.7561
205,0.765625,-0.10473633,0.3088379,30.70122,11.981708,144.96951
205,0.84521484,-0.18310547,0.29858398,13.963415,8.536586,137.22562
205,0.87646484,-0.24121094,0.28735352,5.7012196,14.72561,118.018295
205,0.92089844,-0.27929688,0.24926758,-16.493902,19.817074,96.82927
206,0.935791,-0.20239258,0.2019043,-40,28.04878,76.34147
206,0.99072266,-0.21069336,0.19946289,-52.469513,27.073172,58.140244
206,0.98413086,-0.2565918,0.2487793,-36.189026,25.70122,30.487806
206,0.9033203,-0.24731445,0.32080078,-26.920732,17.469513,7.378049
206,1.0966797,-0.27368164,0.3413086,-22.621952,16.40244,-25.518293
206,1.0378418,-0.36572266,0.3935547,-19.573172,-8.079268,-94.451225
206,0.8210449,-0.4807129,0.5427246,-7.865854,-33.963417,-124.11586
206,0.6936035,-0.44750977,0.62280273,18.963415,-30.304878,-130.60976
206,0.87231445,-0.24487305,0.55078125,33.018295,-16.432928,-115.54878
206,0.9379883,-0.13720703,0.43896484,15.304878,-13.292684,-101.03659
206,0.9423828,-0.09033203,0.33740234,-4.847561,-6.8292685,-90.88415
206,0.796875,-0.12597656,0.31469727,-12.926829,0.57926834,-80.73171
206,0.70458984,-0.19213867,0.32128906,-37.987804,2.1646342,-75.94512
206,0.71899414,-0.29956055,0.29736328,-65.94512,17.530489,-72.22561
206,0.7961426,-0.37158203,0.2722168,-48.384148,24.512196,-44.02439
206,0.859375,-0.37304688,0.32983398,-19.664635,17.774391,-36.859756
206,0.8395996,-0.39013672,0.41137695,-4.115854,8.079268,-36.341465
206,0.7397461,-0.41235352,0.48217773,-9.847561,-0.5487805,-35.182926
206,0.73706055,-0.3947754,0.46875,-24.969513,4.9390244,-38.810978
206,0.86328125,-0.42871094,0.44335938,-25.57927,3.628049,-46.98171
206,1.2780762,-0.46679688,0.4416504,-9.634147,6.3719516,-50.73171
206,1.442627,-0.4716797,0.4663086,-2.7439024,-0.8231708,-42.65244
206,1.1379395,-0.4296875,0.43188477,-2.5304878,-5.97561,-5.335366
206,0.73657227,-0.31347656,0.33496094,12.317074,-7.042683,56.920734
206,0.94555664,-0.27783203,0.27954102,52.40854,-12.103659,91.951225
206,1,-0.30004883,0.27929688,90.39635,-14.603659,111.189026
206,1.1696777,-0.26733398,0.27661133,121.12805,-5.670732,125.88415
206,1.052002,-0.18310547,0.29345703,125.85366,-0.70121956,145
206,0.88500977,-0.109375,0.24633789,103.04878,-5.0914636,144.14635
206,0.76293945,-0.03857422,0.30029297,14.054878,14.695123,127.621956
206,0.7531738,-0.21240234,0.25634766,-23.719513,-2.9268293,131.49391
207,0.7624512,-0.2578125,0.25195313,-32.987804,0.6707317,102.22561
207,0.8305664,-0.31396484,0.2265625,-32.987804,4.054878,77.46951
207,0.9160156,-0.2932129,0.20141602,-14.817074,10.27439,57.713417
207,1.0427246,-0.26245117,0.21557617,-4.847561,14.4207325,38.07927
207,1.0456543,-0.19702148,0.2775879,-0.8231708,13.719513,4.878049
207,0.9675293,-0.1977539,0.36914063,-12.439025,5.914634,-22.865854
207,1.1640625,-0.25170898,0.4020996,-25.518293,7.682927,-54.84756
207,1.1098633,-0.40185547,0.46264648,-30.945122,-13.689025,-113.689026
207,0.86328125,-0.46704102,0.55444336,-14.115854,-33.5061,-138.68903
207,0.7180176,-0.3930664,0.5600586,14.756098,-27.987806,-133.20122
207,0.8557129,-0.22509766,0.4621582,43.90244,-13.902439,-107.621956
207,0.9460449,-0.08300781,0.3798828,41.189026,-8.810976,-84.69512
207,0.9733887,-0.033203125,0.31445313,18.658537,3.0487804,-66.98171
207,0.8405762,-0.060791016,0.32006836,-21.158537,3.0792685,-56.219513
207,0.7216797,-0.16552734,0.33325195,-68.75,6.890244,-47.225613
207,0.7084961,-0.2993164,0.30273438,-97.53049,20.42683,-37.65244
207,0.7910156,-0.41186523,0.32348633,-87.07317,25.030489,-21.189024
207,0.8227539,-0.42138672,0.3466797,-65.426834,19.024391,-19.390244
207,0.7849121,-0.40234375,0.33618164,-44.725613,12.987805,-21.310976
207,0.66430664,-0.3972168,0.37573242,-1.5548781,-2.4085367,-28.719513
207,0.7133789,-0.421875,0.42797852,27.286587,-7.7134147,-39.32927
207,0.8522949,-0.40185547,0.4489746,43.567074,-8.353659,-49.05488
207,1.2553711,-0.38061523,0.45361328,43.963417,-4.02439,-42.92683
207,1.5283203,-0.33203125,0.52612305,33.841465,-8.018292,-42.743904
207,1.1342773,-0.27172852,0.5007324,-0.36585367,-9.878049,-15.365854
207,0.6816406,-0.28955078,0.35327148,-15.030488,0.18292683,47.80488
207,0.9243164,-0.27246094,0.3088379,29.268293,-3.5060976,78.65854
207,1.0581055,-0.296875,0.2980957,61.15854,-2.3475611,101.70732
207,1.1699219,-0.2705078,0.28076172,97.80488,3.0792685,123.96342
207,1.0847168,-0.19116211,0.28466797,111.82927,3.3841465,129.20732
208,0.88623047,-0.087402344,0.31958008,63.810978,14.3902445,108.32317
208,0.7775879,-0.109375,0.28833008,-21.79878,13.20122,130.06097
208,0.70166016,-0.19848633,0.22363281,-41.615856,3.8414636,112.13415
208,0.6994629,-0.21362305,0.20947266,-39.359756,-2.5609756,102.04269
208,0.7351074,-0.30541992,0.18847656,-13.902439,-3.3841465,73.871956
208,0.7861328,-0.31811523,0.19897461,13.04878,0.27439025,58.414635
208,0.888916,-0.26367188,0.23925781,30,7.164634,35.396343
208,1.0275879,-0.21704102,0.29345703,21.707317,13.567074,1.1280488
208,0.9628906,-0.20898438,0.34033203,2.6219513,7.256098,-21.585367
208,1.0634766,-0.23828125,0.3725586,-15.914635,2.5,-44.390244
208,1.2653809,-0.32543945,0.42114258,-22.682928,-7.7134147,-93.23171
208,1.0854492,-0.42236328,0.51708984,-16.341463,-33.414635,-125.426834
208,0.85253906,-0.41308594,0.58325195,-4.2987804,-36.280487,-134.45122
208,0.7907715,-0.28149414,0.48388672,15.365854,-21.585367,-102.743904
208,0.85717773,-0.15600586,0.39892578,34.45122,-9.3902445,-77.439026
208,0.9445801,-0.048828125,0.34692383,26.859756,3.902439,-51.28049
208,0.9484863,-0.016601563,0.32666016,-14.085366,10.243902,-35.335365
208,0.8564453,-0.11328125,0.34814453,-62.77439,10.213415,-33.963417
208,0.7492676,-0.23706055,0.32983398,-112.59147,20.70122,-26.67683
208,0.7192383,-0.35498047,0.26611328,-130.94513,31.707317,-18.445122
208,0.73413086,-0.34887695,0.24169922,-109.87805,27.560976,-18.59756
208,0.76049805,-0.36547852,0.24609375,-79.54269,21.95122,-23.018293
208,0.70092773,-0.35546875,0.2692871,-32.286587,6.9512196,-25.243902
208,0.68725586,-0.34204102,0.32543945,-7.77439,-4.115854,-31.95122
208,0.7426758,-0.3618164,0.38671875,5.97561,-10.609756,-39.390244
208,0.9082031,-0.3305664,0.4152832,10.243902,-7.652439,-42.865856
208,1.1999512,-0.29858398,0.43066406,4.390244,-3.3536587,-40.73171
208,1.5471191,-0.2734375,0.50561523,-7.1341467,2.5914636,-40.335365
208,1.2568359,-0.17333984,0.50268555,-68.810974,3.9939024,-26.189026
208,0.81640625,-0.18920898,0.43945313,-116.82927,14.72561,8.079268
208,0.7607422,-0.24951172,0.39648438,-102.04269,10.487805,42.713417
209,1.0375977,-0.25439453,0.39648438,-35.73171,18.47561,67.37805
209,1.1923828,-0.16137695,0.36572266,-16.006098,25.670732,85.121956
209,1.1801758,-0.076171875,0.36621094,-15.396342,25.853659,100.914635
209,0.8808594,-0.057617188,0.43652344,51.371952,7.012195,134.93903
209,0.85913086,-0.16333008,0.25830078,40.914635,42.865856,64.268295
209,0.8874512,0.051757813,0.4182129,-60.914635,49.664635,69.96951
209,0.82128906,-0.15185547,0.25878906,-180.21342,63.048782,43.384148
209,0.8918457,-0.23632813,0.17382813,-147.65244,50.85366,36.310978
209,0.80615234,-0.23706055,0.17138672,-103.62805,69.60366,-0.4878049
209,0.7878418,-0.2770996,0.1303711,-101.03659,77.80488,-28.59756
209,0.7524414,-0.3215332,0.12792969,-95.57927,90.518295,-46.920734
209,0.88623047,-0.31958008,0.14135742,-81.25,100.45732,-71.28049
209,0.99731445,-0.36743164,0.14892578,-92.22561,114.268295,-105.518295
209,1.0517578,-0.3947754,0.17114258,-113.871956,107.98781,-119.268295
209,1.1972656,-0.41625977,0.20092773,-131.7683,104.32927,-137.07318
209,1.0539551,-0.48291016,0.25390625,-149.69513,73.20122,-152.22562
209,0.9499512,-0.5217285,0.28515625,-146.37195,63.262196,-153.75
209,0.8930664,-0.5214844,0.31079102,-120.03049,51.067074,-147.28659
209,0.9108887,-0.48950195,0.2709961,-56.890244,47.713417,-129.72562
209,0.9609375,-0.40942383,0.21826172,-17.591463,50.03049,-117.22561
209,0.99731445,-0.32055664,0.16235352,-12.286586,42.164635,-115.27439
209,1.0058594,-0.20288086,0.19750977,-62.073174,31.67683,-104.5122
209,0.9797363,-0.20483398,0.23779297,-116.46342,32.682926,-97.71342
209,0.9692383,-0.30200195,0.24731445,-152.65244,35.42683,-84.02439
209,0.8977051,-0.3527832,0.22485352,-149.2683,34.634148,-67.59147
209,0.8847656,-0.36499023,0.23168945,-141.58537,29.603659,-58.719513
209,0.907959,-0.3864746,0.24633789,-125.121956,26.189026,-51.95122
209,0.8996582,-0.328125,0.2734375,-109.72561,26.920732,-49.237804
209,0.84472656,-0.2866211,0.27734375,-119.11586,26.067074,-47.896343
209,0.81152344,-0.31933594,0.2770996,-125.15244,24.32927,-49.207317
210,0.7976074,-0.34033203,0.31835938,-130.33537,13.719513,-60.518295
210,0.75805664,-0.4909668,0.3112793,-86.585365,24.237806,-65.518295
210,0.7626953,-0.43188477,0.37768555,-57.37805,-6.158537,-83.78049
210,0.7751465,-0.49560547,0.46044922,-31.006098,-7.256098,-85.67073
210,0.7766113,-0.4501953,0.51416016,-10.182927,-17.317074,-88.32317
210,0.7788086,-0.44067383,0.5690918,-2.7134147,-21.341463,-84.63415
210,0.7578125,-0.38964844,0.60498047,0.15243903,-22.103659,-65.121956
210,0.76416016,-0.3383789,0.6218262,1.6463416,-15.609756,-48.048782
210,0.7705078,-0.31079102,0.67163086,-0.06097561,-11.859756,-29.024391
210,0.75756836,-0.2644043,0.71777344,2.1036587,-4.878049,4.542683
210,0.9025879,-0.23803711,0.7023926,-5.97561,5,25.823172
210,1.1357422,-0.3076172,0.67529297,-12.22561,20.487804,40.97561
210,1.0839844,-0.3095703,0.578125,-28.932928,25.54878,51.98171
210,0.89868164,-0.30419922,0.4765625,-40,33.109756,64.57317
210,0.77490234,-0.28857422,0.39575195,-37.957317,28.231709,76.43293
210,0.82836914,-0.32836914,0.31445313,-18.04878,23.353659,79.39024
210,0.9160156,-0.41015625,0.24438477,8.597561,18.719513,70.54878
210,1.0439453,-0.41601563,0.23486328,20.365854,16.82927,64.29878
210,0.99658203,-0.3227539,0.20581055,1.9512196,11.219513,65.914635
210,0.9086914,-0.24584961,0.16967773,-12.103659,5.5792685,74.14635
210,0.85839844,-0.2019043,0.16918945,-20.274391,-4.2073174,77.40854
210,0.83813477,-0.26416016,0.17871094,-30.15244,-18.932928,74.54269
210,0.7897949,-0.2866211,0.22753906,-35.15244,-25.792683,69.48171
210,0.74194336,-0.33422852,0.2800293,-32.530487,-32.530487,61.615856
210,0.7607422,-0.40844727,0.36279297,-7.2865853,-36.585365,48.75
210,0.80371094,-0.37768555,0.43701172,20.914635,-31.036587,36.341465
210,0.92578125,-0.36108398,0.5097656,42.378048,-23.567074,18.47561
210,1.1164551,-0.28979492,0.6142578,61.55488,-9.359756,-6.920732
210,1.1201172,-0.16333008,0.61743164,44.969513,-4.390244,-28.780489
210,1.2983398,-0.14038086,0.5612793,6.5853662,-1.3719512,-56.95122
210,1.2370605,-0.28710938,0.6220703,-31.12805,-17.530489,-104.847565
211,1.0671387,-0.36254883,0.61694336,-40.884148,-11.859756,-121.28049
211,0.79907227,-0.3005371,0.50805664,-53.75,0.5487805,-113.75
211,0.7763672,-0.2824707,0.3828125,-48.292683,16.554878,-96.40244
211,0.8041992,-0.2277832,0.32910156,-23.04878,24.237806,-79.39024
211,0.80322266,-0.17944336,0.27416992,-15.243903,27.408537,-48.59756
211,0.84033203,-0.15405273,0.27197266,-10.670732,25.487806,-29.45122
211,0.75756836,-0.17285156,0.28051758,-35.94512,21.79878,-24.84756
211,0.6647949,-0.22705078,0.24536133,-73.2622,27.591465,-22.987806
211,0.6315918,-0.2705078,0.20361328,-96.310974,33.90244,-19.664635
211,0.67626953,-0.29052734,0.20483398,-90.45732,29.024391,-23.810976
211,0.7155762,-0.3383789,0.23022461,-72.560974,23.75,-32.317074
211,0.68652344,-0.4013672,0.29663086,-46.920734,12.195122,-48.048782
211,0.7302246,-0.47924805,0.39672852,-23.262196,1.1585367,-62.80488
211,0.81518555,-0.5341797,0.47631836,-1.097561,-5.8841467,-74.78659
211,1.0637207,-0.5527344,0.49291992,18.109756,-9.756098,-68.84147
211,1.4333496,-0.49316406,0.51464844,22.34756,-15.609756,-59.115856
211,1.357666,-0.4008789,0.5498047,7.77439,-18.109756,-34.115856
211,0.8203125,-0.26635742,0.5251465,-27.164635,-12.378049,25.670732
211,0.7915039,-0.29833984,0.47070313,-36.371952,-12.286586,65.82317
211,0.9572754,-0.39208984,0.47509766,-10.70122,-12.012196,88.38415
211,0.9238281,-0.42114258,0.4091797,34.02439,-11.615854,101.15854
211,0.9428711,-0.3852539,0.35742188,58.475613,-8.384147,109.69512
211,0.86376953,-0.3046875,0.3791504,92.926834,-14.695123,108.90244
211,0.7229004,-0.123291016,0.3408203,129.08537,-10.731708,108.71951
211,0.6904297,-0.15478516,0.29858398,92.439026,3.3536587,77.5
211,0.76538086,-0.09082031,0.37670898,3.780488,3.3536587,61.12805
211,0.85180664,-0.30444336,0.26831055,-26.981709,9.3902445,58.109756
211,0.8757324,-0.2277832,0.25195313,-3.8109758,20.274391,30.609756
211,0.9445801,-0.23706055,0.28833008,11.097561,23.353659,19.786587
211,1.1296387,-0.16381836,0.3166504,12.926829,37.378048,0.945122
211,0.9445801,-0.050048828,0.34643555,-22.743902,28.04878,-12.835366
212,1.1325684,-0.12695313,0.3486328,-59.817074,24.420732,-27.865854
212,1.2595215,-0.27807617,0.38085938,-70.426834,12.743903,-65.426834
212,0.90356445,-0.34301758,0.44140625,-70.121956,-19.115854,-84.32927
212,0.76123047,-0.38134766,0.4729004,-45.609756,-17.073172,-80.94512
212,0.8991699,-0.33789063,0.48046875,22.164635,-25,-65.21342
212,0.9301758,-0.26123047,0.45507813,57.37805,-29.908537,-53.59756
212,0.9057617,-0.11816406,0.4091797,57.621952,-24.146341,-39.146343
212,0.71118164,-0.005859375,0.3959961,11.920732,-16.067074,-28.689026
212,0.57177734,-0.008789063,0.40161133,-41.890244,-9.329268,-30.914635
212,0.55615234,-0.13012695,0.37646484,-90.09147,6.4634147,-37.40854
212,0.6447754,-0.29248047,0.31933594,-98.93293,23.506098,-40.94512
212,0.71728516,-0.3786621,0.3449707,-69.268295,21.554878,-45.670734
212,0.7451172,-0.4350586,0.4104004,-37.65244,17.134148,-55.762196
212,0.74316406,-0.4892578,0.5180664,-9.939025,4.359756,-69.35976
212,0.84106445,-0.4951172,0.548584,4.6951222,-0.06097561,-81.585365
212,0.95043945,-0.5070801,0.56518555,15.518293,-4.115854,-84.60366
212,1.4663086,-0.53222656,0.53930664,29.45122,2.835366,-74.756096
212,1.3918457,-0.44848633,0.5119629,23.932928,-5,-57.34756
212,0.9824219,-0.3828125,0.4440918,-1.2195122,4.4512196,-8.1402445
212,0.8466797,-0.26416016,0.37524414,2.682927,5.365854,67.89634
212,0.96777344,-0.2685547,0.3137207,40.609756,-1.6463416,93.10976
212,0.97753906,-0.33520508,0.25439453,60.42683,-2.195122,106.52439
212,1.0354004,-0.35473633,0.26733398,75.70122,1.9207318,115.914635
212,0.94262695,-0.28149414,0.28759766,73.689026,0.18292683,124.90854
212,0.77905273,-0.20532227,0.2841797,58.414635,-0.6402439,131.18903
212,0.7529297,-0.19677734,0.24780273,29.664635,2.4695122,125.426834
212,0.8532715,-0.23632813,0.23901367,24.359756,-0.6097561,117.40854
212,0.94384766,-0.22973633,0.22851563,22.22561,5.030488,105.06098
212,0.9433594,-0.18823242,0.23364258,8.810976,11.006098,92.28659
212,1.0439453,-0.1743164,0.2763672,-0.85365856,15.091464,75.30488
213,1.1694336,-0.14208984,0.3166504,-7.4390244,25.121952,50.609756
213,1.0495605,-0.08300781,0.33984375,-31.920732,19.573172,20.884148
213,1.2487793,-0.13476563,0.3466797,-48.65854,18.323172,-10.457317
213,1.269043,-0.23364258,0.37353516,-51.12805,8.536586,-60.975613
213,0.88793945,-0.42041016,0.4831543,-38.689026,-27.37805,-107.04269
213,0.6628418,-0.37890625,0.51586914,-7.560976,-22.286587,-113.96342
213,0.70947266,-0.32495117,0.4963379,32.439026,-24.969513,-105.03049
213,0.86376953,-0.23388672,0.41308594,74.664635,-24.420732,-90.30488
213,0.9003906,-0.08862305,0.34985352,67.28659,-20.640244,-75.21342
213,0.8366699,-0.012695313,0.33813477,32.22561,-11.554878,-73.75
213,0.6928711,-0.071777344,0.3618164,-43.35366,-10.060976,-81.21951
213,0.7351074,-0.25170898,0.34692383,-94.81708,6.1890244,-87.31708
213,0.80737305,-0.38476563,0.3310547,-100.54878,22.713415,-76.85976
213,0.81811523,-0.4086914,0.34594727,-65.60976,17.804878,-73.44512
213,0.82788086,-0.47192383,0.38549805,-44.512196,8.841464,-71.371956
213,0.75512695,-0.5102539,0.4345703,-7.042683,-1.1280488,-66.73781
213,0.82592773,-0.46142578,0.48950195,39.420734,-10.426829,-65.54878
213,0.9267578,-0.41992188,0.47460938,41.0061,-10.27439,-60.457317
213,1.2211914,-0.40625,0.4453125,28.109756,0.21341464,-45.670734
213,1.4890137,-0.3166504,0.48364258,5.914634,-7.804878,-21.371952
213,0.9394531,-0.26123047,0.45751953,-30.42683,-4.4512196,26.158537
213,0.7907715,-0.3083496,0.3815918,-19.756098,-3.5975611,80.85366
213,1.0495605,-0.2475586,0.3161621,46.768295,-2.012195,122.89635
213,1.0717773,-0.24804688,0.25195313,63.963417,-2.195122,145.48781
213,1.1162109,-0.23339844,0.23852539,68.56708,0.85365856,147.71342
213,0.92041016,-0.18823242,0.31079102,68.14024,-4.7865853,155.21342
213,0.79833984,-0.15698242,0.27270508,51.585365,0.45731708,143.47562
213,0.7001953,-0.17919922,0.27929688,-9.756098,2.042683,127.07317
213,0.73657227,-0.26123047,0.18334961,-25.823172,-14.207317,115.426834
213,0.7512207,-0.25341797,0.1550293,-10.030488,-11.463415,87.07317
213,0.8469238,-0.28979492,0.15625,7.652439,-5.792683,66.43293
214,1.0170898,-0.2770996,0.19189453,35.121952,3.5060976,38.262196
214,1.1708984,-0.22827148,0.2536621,33.262196,12.469513,14.847561
214,1.0114746,-0.12719727,0.3166504,13.04878,5.5487804,-8.018292
214,1.1655273,-0.14868164,0.36621094,-24.390244,-4.847561,-38.384148
214,1.333252,-0.3305664,0.41088867,-29.664635,-11.067074,-82.560974
214,1.0427246,-0.43554688,0.5175781,-9.512196,-44.60366,-116.493904
214,0.80493164,-0.37768555,0.57543945,33.262196,-37.896343,-111.82927
214,0.8864746,-0.2602539,0.49389648,62.896343,-28.262196,-80.18293
214,0.9873047,-0.09033203,0.37841797,74.78659,-20.182928,-51.890244
214,0.93359375,0.06640625,0.3173828,31.768293,-8.079268,-49.634148
214,0.8227539,0.032226563,0.30908203,-16.341463,-3.932927,-51.0061
214,0.6791992,-0.063964844,0.3173828,-69.81708,3.6585367,-52.560978
214,0.6296387,-0.25073242,0.29492188,-129.96951,25,-51.768295
214,0.66308594,-0.35375977,0.2783203,-129.14635,31.280489,-38.109756
214,0.734375,-0.40844727,0.27807617,-86.06708,27.286587,-34.02439
214,0.7077637,-0.45507813,0.34643555,-27.957317,21.737806,-44.32927
214,0.7429199,-0.45410156,0.39282227,7.5,1.3414634,-52.37805
214,0.7937012,-0.4404297,0.42797852,27.987806,3.2317073,-67.10366
214,1.1560059,-0.44628906,0.45947266,39.48171,-4.2073174,-82.86585
214,1.9423828,-0.4724121,0.5202637,41.646343,6.646342,-83.414635
214,1.4282227,-0.2421875,0.46289063,-1.890244,-5.152439,-57.073174
214,0.69140625,-0.27270508,0.38427734,-47.621952,5.640244,18.07927
214,0.8310547,-0.21240234,0.32739258,1.1890244,-5.487805,72.65244
214,0.99121094,-0.1652832,0.2841797,67.59147,-0.15243903,112.59147
214,1.0393066,-0.18188477,0.18969727,105.27439,-19.054878,137.46951
214,0.9819336,-0.19677734,0.22045898,111.21951,6.25,115.85366
214,0.83447266,-0.09838867,0.27294922,60.640244,32.957317,111.097565
214,0.67041016,-0.0715332,0.30688477,-43.44512,15.884147,97.835365
214,0.6464844,-0.25512695,0.2631836,-98.018295,13.414635,114.69512
214,0.7565918,-0.31567383,0.20361328,-56.920734,-1.5548781,79.78659
215,0.83984375,-0.31152344,0.18139648,-14.085366,9.268293,49.298782
215,0.92456055,-0.32299805,0.17285156,5.487805,12.347561,36.189026
215,1.0895996,-0.28588867,0.23046875,20.823172,20.457317,19.695122
215,1.0942383,-0.16015625,0.31396484,19.84756,20.823172,-7.0731707
215,1.1533203,-0.15625,0.3623047,-6.52439,11.097561,-27.317074
215,1.3981934,-0.28076172,0.37646484,-23.689026,10.6402445,-54.634148
215,0.98217773,-0.37036133,0.4868164,-11.676829,-32.80488,-91.097565
215,0.75024414,-0.39282227,0.54956055,8.871951,-32.22561,-89.78659
215,0.80322266,-0.3071289,0.49121094,28.262196,-14.634147,-68.04878
215,0.89575195,-0.12231445,0.33496094,46.219513,-6.432927,-27.591465
215,0.8935547,0.049316406,0.28344727,33.567074,-1.8597561,-19.115854
215,0.82836914,0.07836914,0.30419922,1.2195122,-1.3719512,-18.323172
215,0.67993164,-0.076660156,0.3540039,-72.53049,-1.890244,-27.835367
215,0.62646484,-0.28515625,0.37719727,-120,11.676829,-37.2561
215,0.6364746,-0.42163086,0.34155273,-145.15244,29.756098,-33.17073
215,0.70751953,-0.4584961,0.26098633,-67.926834,24.939026,-26.524391
215,0.7080078,-0.45166016,0.28271484,-3.5060976,25.823172,-33.292683
215,0.66015625,-0.45581055,0.359375,47.987804,19.756098,-43.35366
215,0.78027344,-0.37890625,0.4248047,54.237804,-1.8292683,-46.95122
215,0.9265137,-0.39233398,0.45776367,40.243904,-0.7621951,-58.44512
215,1.1193848,-0.3630371,0.45751953,16.890244,-1.4939024,-60.518295
215,1.5725098,-0.43603516,0.47070313,-16.737804,-0.030487806,-52.621952
215,1.3122559,-0.40551758,0.47387695,-34.45122,-6.890244,-39.634148
215,0.84228516,-0.36865234,0.3935547,-52.92683,0.51829267,2.2256098
215,0.8798828,-0.35058594,0.2956543,-12.5,-6.4634147,48.23171
215,1.0097656,-0.3461914,0.3059082,47.591465,-12.957317,67.13415
215,0.9863281,-0.32910156,0.28979492,80.36585,-12.469513,87.98781
215,1.0024414,-0.20410156,0.27172852,139.42073,-16.859756,119.085365
215,0.81469727,-0.12036133,0.23706055,171.61586,-11.158537,104.63415
215,0.7441406,-0.030273438,0.30029297,109.29878,5.8231707,97.13415
215,0.7019043,0.04638672,0.31713867,-52.19512,20.243902,75.39635
216,0.75341797,-0.23657227,0.2277832,-124.42074,10.670732,99.664635
216,0.8684082,-0.25952148,0.21484375,-64.45122,3.445122,55
216,0.9182129,-0.2487793,0.21679688,-25.518293,23.445122,32.22561
216,1.0878906,-0.28686523,0.22045898,-22.408537,30.54878,21.67683
216,1.0483398,-0.21484375,0.30786133,-15.304878,34.939026,-2.6219513
216,0.9628906,-0.203125,0.3737793,-22.65244,24.359756,-28.170732
216,1.2663574,-0.27124023,0.3701172,-30.274391,29.908537,-54.939026
216,1.1682129,-0.3251953,0.42993164,-32.042683,5.7317076,-88.44512
216,0.8034668,-0.35888672,0.4897461,-39.84756,-19.024391,-106.40244
216,0.7421875,-0.38061523,0.4963379,-23.780489,-16.432928,-93.414635
216,0.8623047,-0.35864258,0.4873047,26.890245,-22.164635,-78.47561
216,0.91748047,-0.2265625,0.39404297,59.573174,-21.189024,-47.2561
216,0.8364258,-0.13598633,0.3466797,52.92683,-11.52439,-30.792685
216,0.6855469,-0.036865234,0.3630371,14.237805,-7.7439027,-23.780489
216,0.59033203,-0.10986328,0.41430664,-78.414635,7.560976,-21.768293
216,0.67993164,-0.27563477,0.33154297,-116.31098,10.457317,-12.378049
216,0.7895508,-0.4033203,0.2409668,-81.06708,25.640245,-11.707317
216,0.77978516,-0.4375,0.36572266,-9.02439,18.536587,-22.713415
216,0.7558594,-0.46972656,0.43969727,-1.1585367,4.2073174,-25.70122
216,0.7084961,-0.4970703,0.48754883,3.780488,4.5731707,-25.70122
216,0.861084,-0.44091797,0.515625,26.067074,-4.085366,-29.969513
216,1.045166,-0.43969727,0.49169922,29.359756,-1.097561,-26.67683
216,1.513916,-0.43041992,0.4921875,30.243904,2.9268293,-23.810976
216,1.1911621,-0.30151367,0.5161133,-1.0365853,-3.9634147,-9.939025
216,0.80029297,-0.3076172,0.4169922,-34.7561,5.97561,29.573172
216,0.90966797,-0.31298828,0.35009766,-9.847561,4.8170733,62.317074
216,0.93066406,-0.26782227,0.29882813,45.121952,-0.09146342,85.060974
216,0.92822266,-0.28637695,0.2607422,73.23171,-4.6036587,100.60976
216,0.93408203,-0.23461914,0.2602539,92.65244,-1.4024391,97.28659
216,0.7248535,-0.122558594,0.2849121,62.286587,-4.664634,92.439026
217,0.62524414,-0.07128906,0.26171875,-6.7987804,9.359756,74.42073
217,0.69921875,-0.20898438,0.23388672,-62.439026,-1.3414634,82.80488
217,0.765625,-0.29638672,0.22192383,-24.29878,1.0670732,47.80488
217,0.78515625,-0.2770996,0.22827148,-6.006098,5.640244,38.90244
217,0.8701172,-0.2590332,0.22509766,3.4146342,11.219513,31.67683
217,1.1079102,-0.24194336,0.32104492,17.530489,14.573171,9.512196
217,1.0197754,-0.22143555,0.39208984,11.859756,10.70122,-15.853659
217,1.0153809,-0.25073242,0.40795898,-14.45122,5.0609756,-39.05488
217,1.2744141,-0.32983398,0.44213867,-30.274391,5.335366,-88.2622
217,1.0634766,-0.41088867,0.52612305,-26.615854,-22.37805,-118.44512
217,0.82006836,-0.4194336,0.5878906,-16.310976,-25.243902,-125.121956
217,0.85839844,-0.33374023,0.50097656,7.3475614,-10.762196,-90.60976
217,0.92041016,-0.2175293,0.41845703,27.103659,-8.353659,-61.12805
217,0.8857422,-0.12597656,0.3359375,31.67683,-10.304878,-32.2561
217,0.8022461,-0.087402344,0.34179688,27.65244,-5,-8.841464
217,0.6796875,-0.107177734,0.37548828,-5.914634,-3.902439,-1.3109757
217,0.62841797,-0.19067383,0.35961914,-51.52439,6.0670733,-2.1036587
217,0.64501953,-0.3154297,0.30126953,-68.65854,19.908537,4.4817076
217,0.6813965,-0.3244629,0.33398438,-54.115856,19.024391,0.5487805
217,0.7224121,-0.37109375,0.38134766,-47.286587,16.371952,-6.7073174
217,0.7114258,-0.42895508,0.43286133,-17.134148,6.9512196,-16.371952
217,0.76293945,-0.4338379,0.49658203,-2.4085367,2.8963416,-24.664635
217,0.8811035,-0.4716797,0.51782227,8.04878,-1.5243902,-33.993904
217,1.0722656,-0.4321289,0.4814453,19.17683,-2.5609756,-33.384148
217,1.3752441,-0.453125,0.4741211,22.774391,-0.85365856,-31.79878
217,1.2949219,-0.38500977,0.49072266,21.82927,-5.2439027,-24.115854
217,0.7421875,-0.34301758,0.3720703,-8.109756,1.2804878,17.865854
217,0.9020996,-0.3334961,0.29858398,5.030488,4.1463413,46.12805
217,1.0429688,-0.29614258,0.26904297,40.548782,-2.4085367,61.463417
217,1.0063477,-0.30444336,0.26367188,62.37805,-7.22561,79.78659
217,0.94262695,-0.23583984,0.26245117,75.94512,0.73170733,93.018295
217,0.76000977,-0.14624023,0.25830078,68.78049,-9.146341,100.426834
218,0.66259766,-0.072753906,0.26782227,7.042683,3.9939024,93.018295
218,0.73217773,-0.20043945,0.2626953,-42.92683,-5.7317076,100.30488
218,0.76538086,-0.2709961,0.24707031,-23.841463,-10.792684,74.664635
218,0.7824707,-0.28320313,0.2631836,-4.115854,-3.5975611,50.27439
218,0.84106445,-0.30737305,0.27490234,11.097561,-0.5487805,31.158537
218,0.9921875,-0.29760742,0.32958984,27.865854,5.8536587,8.04878
218,1.0266113,-0.24414063,0.4104004,28.20122,10.670732,-30.762196
218,0.9958496,-0.2355957,0.41601563,7.22561,7.530488,-49.84756
218,1.2661133,-0.26367188,0.39990234,-8.780488,14.786586,-75.18293
218,1.067627,-0.3400879,0.52734375,-20.57927,-20,-112.71342
218,0.7780762,-0.3955078,0.58691406,-20.213415,-27.743902,-113.04878
218,0.8178711,-0.3984375,0.5253906,-5.914634,-5.8536587,-93.44512
218,1.0483398,-0.23266602,0.43847656,28.07927,-3.9634147,-57.896343
218,0.9355469,-0.13305664,0.3486328,27.530489,-6.0365853,-25.182928
218,0.83740234,-0.091308594,0.34033203,27.987806,0.91463417,-3.2926831
218,0.60913086,-0.05419922,0.36816406,-2.8048782,3.8109758,15.121952
218,0.55615234,-0.1328125,0.328125,-53.841465,11.006098,16.341463
218,0.6257324,-0.22924805,0.28686523,-81.12805,22.439026,16.158537
218,0.6442871,-0.29589844,0.27783203,-71.15854,19.603659,16.463415
218,0.6472168,-0.32861328,0.30664063,-54.359756,15.121952,5.7012196
218,0.623291,-0.36572266,0.33789063,-42.987804,10.060976,-6.2195125
218,0.7727051,-0.4609375,0.40649414,-31.219513,-0.030487806,-27.103659
218,0.8808594,-0.5061035,0.46020508,-13.719513,-11.829268,-41.036587
218,0.9699707,-0.5144043,0.47924805,-2.957317,-13.902439,-49.60366
218,1.4160156,-0.5942383,0.5065918,21.554878,-19.908537,-57.987804
218,1.222168,-0.5371094,0.55908203,35.091465,-25.304878,-54.32927
218,0.8601074,-0.44067383,0.45166016,30.15244,-18.689024,-21.554878
218,0.9980469,-0.2602539,0.34326172,39.420734,-8.262196,32.530487
218,0.9460449,-0.20654297,0.30737305,60.57927,-12.347561,55.548782
218,1.0065918,-0.27734375,0.29101563,84.48171,-12.286586,94.664635
219,0.92333984,-0.19433594,0.30859375,130.39635,-8.445122,99.7561
219,0.7717285,-0.09399414,0.24536133,109.268295,11.493903,62.560978
219,0.62158203,-0.10498047,0.30200195,11.006098,22.621952,69.176834
219,0.7224121,-0.10180664,0.22827148,-106.40244,13.445123,65.85366
219,0.73095703,-0.3996582,0.16845703,-92.743904,3.2012196,55.70122
219,0.7849121,-0.31420898,0.17919922,-10.853659,-0.8231708,30.15244
219,0.92578125,-0.33618164,0.18408203,24.024391,14.72561,11.737805
219,1.1835938,-0.29125977,0.23217773,28.170732,24.481709,-7.3170733
219,1.1237793,-0.1730957,0.2939453,15.731708,25.518293,-29.085367
219,1.1796875,-0.21655273,0.35058594,-29.634148,12.347561,-43.780487
219,1.4121094,-0.29638672,0.3779297,-44.359756,9.115854,-64.81708
219,1.1245117,-0.37670898,0.4404297,-42.012196,-23.59756,-87.22561
219,0.7648926,-0.43798828,0.47607422,-17.92683,-30.335367,-77.560974
219,0.8383789,-0.37841797,0.42578125,27.957317,-17.804878,-49.69512
219,0.9343262,-0.2277832,0.37841797,65.121956,-20.030489,-19.939024
219,0.91625977,-0.033447266,0.32543945,59.60366,-14.634147,13.628049
219,0.7890625,0.032226563,0.34399414,30,-5.518293,23.810976
219,0.592041,0.026855469,0.3828125,-21.280489,-0.91463417,20.97561
219,0.5107422,-0.09375,0.37841797,-136.85976,10.6402445,2.4390244
219,0.609375,-0.35986328,0.2709961,-143.56708,24.786587,2.7134147
219,0.6801758,-0.41967773,0.21728516,-86.25,28.04878,-1.3109757
219,0.7692871,-0.4794922,0.25952148,3.3841465,27.682928,-15.579268
219,0.7531738,-0.46020508,0.35180664,61.067074,12.103659,-26.036587
219,0.8388672,-0.4675293,0.44921875,86.310974,-3.5365853,-33.35366
219,0.9291992,-0.41088867,0.52905273,89.085365,-16.67683,-46.55488
219,1.09375,-0.36572266,0.50634766,56.82927,-9.878049,-44.7561
219,1.3745117,-0.39404297,0.51000977,25.54878,-6.25,-49.390244
219,1.0917969,-0.37182617,0.5053711,-9.847561,-5.27439,-37.957317
219,0.82421875,-0.37451172,0.3972168,-31.280489,9.908537,-0.51829267
219,0.96484375,-0.3642578,0.34277344,-9.29878,11.219513,35.609756
220,0.94555664,-0.3388672,0.29541016,40.823174,2.2560976,60.060978
220,0.92626953,-0.3503418,0.2697754,57.2561,5.27439,72.164635
220,0.89038086,-0.28149414,0.28466797,64.60366,5.182927,81.73781
220,0.6911621,-0.1459961,0.27905273,43.59756,6.1890244,97.835365
220,0.62524414,-0.123046875,0.23535156,-6.1890244,9.420732,93.17073
220,0.7089844,-0.2199707,0.22143555,-17.713415,-0.6402439,92.65244
220,0.81396484,-0.2697754,0.2277832,-0.24390244,1.890244,62.134148
220,0.87719727,-0.26757813,0.22973633,4.3292685,5.2439027,47.957317
220,0.9572754,-0.24804688,0.24414063,7.6219516,9.45122,32.957317
220,1.1728516,-0.20043945,0.31298828,8.1402445,17.408537,3.75
220,1.1125488,-0.16357422,0.3388672,-7.012195,15.731708,-15.6707325
220,1.1369629,-0.1875,0.3317871,-31.67683,9.420732,-32.65244
220,1.3808594,-0.30517578,0.3618164,-38.689026,-0.39634147,-70.39634
220,1.0126953,-0.37817383,0.4675293,-28.231709,-34.45122,-98.04878
220,0.70166016,-0.41455078,0.54248047,-3.9939024,-45.457317,-93.53659
220,0.7788086,-0.33447266,0.47924805,47.987804,-28.90244,-62.98781
220,0.954834,-0.20361328,0.41796875,77.86585,-25.670732,-40.914635
220,0.9355469,-0.022216797,0.36645508,68.35366,-22.042683,-15.213415
220,0.7375488,0.049804688,0.3581543,24.481709,-12.317074,0.12195122
220,0.5888672,0.014648438,0.4050293,-19.756098,-8.109756,-2.5304878
220,0.5842285,-0.11767578,0.4182129,-79.20732,6.8597565,-15.152439
220,0.69921875,-0.29956055,0.3244629,-122.835365,31.40244,-12.439025
220,0.7685547,-0.39379883,0.265625,-83.56708,34.32927,-11.707317
220,0.763916,-0.39013672,0.31054688,-28.109756,31.341465,-27.530489
220,0.7644043,-0.41235352,0.39575195,6.4939027,14.359756,-36.615856
220,0.7961426,-0.44262695,0.4482422,17.957317,4.3292685,-49.634148
220,0.86694336,-0.4099121,0.47216797,21.310976,-4.6036587,-56.615856
220,1.2868652,-0.47216797,0.43969727,10.914635,-3.0182927,-61.55488
220,1.6071777,-0.46923828,0.50634766,15.365854,-6.280488,-64.39024
220,1.0029297,-0.34838867,0.43432617,-16.493902,-11.585366,-38.871952
220,0.77197266,-0.3557129,0.32373047,-22.835367,-3.75,36.036587
221,1.0529785,-0.25341797,0.31054688,38.048782,-13.536586,64.54269
221,0.94628906,-0.23901367,0.2541504,63.78049,-12.743903,89.60366
221,1.0129395,-0.23461914,0.27514648,91.676834,-9.237805,117.77439
221,0.8803711,-0.16333008,0.27734375,110.21342,-11.737805,121.82927
221,0.69677734,-0.12207031,0.27490234,73.62805,-0.7621951,114.451225
221,0.6870117,-0.064697266,0.3227539,-58.35366,6.9817076,87.835365
221,0.6809082,-0.30078125,0.19189453,-69.05488,-9.481708,103.47561
221,0.72558594,-0.28076172,0.20385742,-21.219513,-11.737805,59.969513
221,0.888916,-0.32373047,0.23144531,13.689025,-0.6402439,32.10366
221,1.1169434,-0.32006836,0.2290039,32.469513,14.542684,13.04878
221,1.2280273,-0.18457031,0.24951172,27.164635,28.993902,-8.628049
221,1.0756836,-0.119384766,0.2927246,-22.164635,13.414635,-34.48171
221,1.3215332,-0.22143555,0.28833008,-45.70122,11.554878,-56.067074
221,1.2258301,-0.32202148,0.3503418,-39.7561,-14.054878,-84.87805
221,0.9226074,-0.46533203,0.47509766,-11.006098,-42.713417,-104.11585
221,0.828125,-0.41430664,0.4724121,31.646341,-35.121952,-86.768295
221,0.9108887,-0.29833984,0.3725586,75.88415,-28.04878,-48.62805
221,0.92089844,-0.037841797,0.2919922,88.23171,-19.573172,-15.762196
221,0.89624023,0.10473633,0.3017578,50.57927,-9.664635,-2.835366
221,0.7270508,0.1262207,0.3486328,-12.439025,-5.0609756,-5.7012196
221,0.55566406,-0.067871094,0.4086914,-123.17074,14.756098,-16.79878
221,0.6203613,-0.27490234,0.2849121,-201.82927,29.786587,-17.469513
221,0.63183594,-0.3725586,0.23388672,-165.54878,34.817074,-5.335366
221,0.736084,-0.43115234,0.19018555,-85.94512,33.07927,-4.054878
221,0.79345703,-0.5041504,0.26538086,-11.158537,33.384148,-10.853659
221,0.7824707,-0.5383301,0.35253906,48.262196,30.15244,-19.664635
221,0.8166504,-0.43237305,0.44702148,81.21951,-1.5243902,-33.20122
221,0.99316406,-0.39697266,0.46875,64.96951,-4.1463413,-40.030487
221,1.4528809,-0.4404297,0.5070801,47.621952,-4.6951222,-49.268295
221,1.3408203,-0.30297852,0.48266602,0,-2.682927,-50.060978
221,0.85717773,-0.29516602,0.36669922,-52.2561,3.8414636,-12.256098
222,0.77197266,-0.28930664,0.32470703,-40.94512,5.4268293,34.817074
222,1.0019531,-0.1809082,0.34423828,43.140244,-9.176829,75.60976
222,0.89160156,-0.30444336,0.29614258,65.914635,-29.146341,76.82927
222,0.9589844,-0.3317871,0.27563477,86.55488,-6.3719516,70.426834
222,0.77490234,-0.17285156,0.29785156,80.73171,17.103659,65.914635
222,0.6296387,-0.032714844,0.30004883,11.006098,-1.2195122,64.96951
222,0.5625,-0.17480469,0.2619629,-29.72561,3.628049,72.439026
222,0.71972656,-0.2553711,0.25585938,-12.164635,-6.158537,43.841465
222,0.8078613,-0.29003906,0.26049805,10.884147,3.8414636,22.469513
222,0.91845703,-0.26904297,0.24267578,14.359756,14.02439,9.664635
222,1.1645508,-0.2121582,0.30517578,5.121951,27.286587,-10.792684
222,1.2497559,-0.13867188,0.34472656,-7.2865853,33.384148,-27.286587
222,1.1154785,-0.13867188,0.3359375,-40.97561,24.115854,-33.109756
222,1.4504395,-0.21655273,0.32177734,-57.713417,23.384148,-46.585365
222,1.2595215,-0.27416992,0.3876953,-57.225613,-3.2926831,-71.43293
222,0.8713379,-0.34936523,0.46826172,-57.225613,-24.207317,-77.86585
222,0.69384766,-0.27148438,0.4169922,-24.32927,-6.432927,-55.94512
222,0.85424805,-0.18945313,0.3659668,10.426829,-7.530488,-42.439026
222,0.85058594,-0.092285156,0.32958984,22.835367,-9.542684,-28.140245
222,0.810791,-0.030029297,0.31420898,9.664635,-4.6951222,-17.987804
222,0.6665039,-0.055908203,0.35180664,-9.542684,-4.2987804,-17.621952
222,0.59375,-0.11401367,0.3762207,-43.048782,-3.2012196,-27.042683
222,0.66552734,-0.2199707,0.31201172,-86.493904,17.774391,-33.90244
222,0.7241211,-0.27929688,0.26538086,-66.06708,22.530489,-33.932926
222,0.80126953,-0.32836914,0.29516602,-20.792683,15.579268,-38.689026
222,0.8288574,-0.3371582,0.38476563,7.8353662,6.52439,-41.98171
222,0.8383789,-0.37548828,0.4560547,10.518293,-3.75,-49.17683
222,0.9030762,-0.42797852,0.5048828,15.70122,-8.932927,-57.92683
222,1.0786133,-0.40527344,0.49145508,11.036586,-6.097561,-57.92683
222,1.4519043,-0.45336914,0.49267578,6.890244,-2.378049,-51.341465
222,1.2407227,-0.3779297,0.50219727,6.0365853,-8.170732,-34.48171
223,0.69628906,-0.33984375,0.3857422,-3.2012196,-0.36585367,30.060976
223,0.95581055,-0.2680664,0.36865234,35.335365,-1.4634147,70.7622
223,1.052002,-0.25976563,0.34643555,67.926834,-4.268293,94.90854
223,1.090332,-0.31689453,0.31176758,92.926834,3.3841465,115.243904
223,1.0512695,-0.21484375,0.32104492,105.85366,9.3902445,122.743904
223,0.8527832,-0.079833984,0.2927246,91.85976,15.792684,136.43294
223,0.6748047,-0.072753906,0.30273438,0.79268295,20.030489,112.19512
223,0.77319336,-0.18725586,0.25927734,-42.225613,12.682927,120.97562
223,0.8317871,-0.27416992,0.22851563,-22.073172,11.859756,95.03049
223,0.91430664,-0.2290039,0.24487305,-14.542684,19.969513,70.243904
223,0.9855957,-0.24047852,0.2434082,-8.445122,26.12805,52.286587
223,1.1274414,-0.16845703,0.2758789,-8.658537,35.548782,31.554878
223,1.0693359,-0.10083008,0.3227539,-37.164635,34.90854,1.8597561
223,1.0839844,-0.18359375,0.36450195,-59.390244,27.103659,-15.914635
223,1.255127,-0.28515625,0.34472656,-60.457317,30.457317,-46.219513
223,0.9746094,-0.36865234,0.37231445,-49.90854,0.09146342,-102.46951
223,0.6982422,-0.41845703,0.4555664,-33.32317,-17.37805,-125.30488
223,0.66064453,-0.3959961,0.49243164,-0.36585367,-20.396341,-123.90244
223,0.90185547,-0.33642578,0.46850586,56.585365,-23.140244,-108.5061
223,0.98583984,-0.23828125,0.4243164,77.28659,-30.853659,-85.701225
223,0.9057617,-0.12817383,0.36669922,65.426834,-24.634148,-60.42683
223,0.6538086,-0.00390625,0.36328125,15.152439,-12.77439,-42.469513
223,0.60913086,-0.06689453,0.35595703,-54.90854,-3.5060976,-45.060978
223,0.6894531,-0.21435547,0.3317871,-96.493904,14.72561,-42.560978
223,0.78222656,-0.31518555,0.32128906,-89.90854,23.47561,-29.87805
223,0.79541016,-0.38916016,0.35742188,-71.493904,19.664635,-29.054878
223,0.7324219,-0.453125,0.4020996,-47.10366,15.579268,-26.006098
223,0.78100586,-0.4375,0.4597168,-14.695123,8.932927,-34.664635
223,0.8640137,-0.43847656,0.49682617,0.18292683,-1.2195122,-48.59756
223,0.9926758,-0.43676758,0.49560547,6.8292685,-3.6585367,-56.0061
223,1.5336914,-0.4645996,0.5488281,15.914635,-1.25,-53.567074
224,1.2651367,-0.33764648,0.5241699,3.7195122,-9.878049,-33.07927
224,0.8129883,-0.30444336,0.41333008,-16.554878,-4.4512196,8.567074
224,0.87841797,-0.2578125,0.33203125,24.17683,-6.0670733,66.46342
224,0.95996094,-0.25024414,0.3076172,67.07317,-8.079268,93.47561
224,0.89990234,-0.28735352,0.28295898,85.88415,-7.560976,109.35976
224,1.0065918,-0.24169922,0.32006836,102.439026,0.42682928,111.951225
224,0.8388672,-0.14135742,0.3227539,74.87805,5.182927,115.7622
224,0.68652344,-0.10913086,0.27539063,15.823171,13.109756,109.268295
224,0.734375,-0.25854492,0.23828125,-17.103659,1.0060976,103.84147
224,0.84765625,-0.28808594,0.24780273,3.628049,1.5243902,79.23781
224,0.8588867,-0.2619629,0.22949219,11.006098,5.792683,68.04878
224,0.98828125,-0.24902344,0.2602539,22.896341,6.615854,48.719513
224,1.2133789,-0.19580078,0.3227539,28.871952,18.506098,28.47561
224,1.1845703,-0.114746094,0.3527832,8.810976,22.286587,13.689025
224,1.0703125,-0.092041016,0.3527832,-40.27439,15.091464,-7.682927
224,1.3005371,-0.18676758,0.35620117,-57.5,16.158537,-34.420734
224,1.1542969,-0.28881836,0.3840332,-56.920734,-5.5792685,-70.73171
224,0.7531738,-0.38256836,0.46972656,-44.359756,-27.37805,-92.5
224,0.71777344,-0.35058594,0.45996094,-14.664635,-18.780489,-85.060974
224,0.8354492,-0.30639648,0.42260742,25.640245,-22.804878,-75.27439
224,0.87524414,-0.18701172,0.3466797,49.969513,-22.957317,-53.993904
224,0.8391113,-0.11401367,0.3166504,41.707317,-16.646341,-38.841465
224,0.6906738,-0.072753906,0.3334961,18.932928,-12.378049,-34.878048
224,0.58740234,-0.1550293,0.33374023,-50.884148,-3.140244,-38.993904
224,0.6652832,-0.25170898,0.29882813,-88.506096,15.6402445,-42.896343
224,0.73461914,-0.31958008,0.2783203,-81.06708,20.57927,-34.085365
224,0.8256836,-0.35986328,0.32763672,-53.20122,17.286585,-37.591465
224,0.83618164,-0.42626953,0.38500977,-24.17683,9.969512,-43.993904
224,0.83984375,-0.44458008,0.4765625,-10.426829,6.646342,-52.34756
224,0.9453125,-0.4584961,0.5144043,1.6463416,-2.6219513,-66.43293
225,1.1245117,-0.45654297,0.49291992,6.768293,3.0487804,-66.52439
225,1.5100098,-0.4477539,0.50512695,9.207317,5.182927,-60.48781
225,1.1679688,-0.3371582,0.4375,-23.47561,5.5792685,-33.23171
225,0.7060547,-0.33544922,0.32495117,-58.018295,16.82927,14.908537
225,0.88916016,-0.3022461,0.32006836,-32.07317,6.097561,58.292683
225,0.96240234,-0.3544922,0.29785156,30.365854,-0.9756098,84.57317
225,0.99853516,-0.35839844,0.25317383,54.298782,-0.24390244,106.0061
225,0.98657227,-0.30151367,0.25683594,79.20732,-4.1463413,122.621956
225,0.7573242,-0.15917969,0.24121094,113.201225,-6.768293,131.40244
225,0.7036133,-0.119140625,0.3022461,80.85366,-8.689025,126.768295
225,0.7338867,-0.04296875,0.31835938,-32.134148,13.109756,93.07927
225,0.75756836,-0.28735352,0.19335938,-97.13415,8.384147,86.006096
225,0.8503418,-0.28930664,0.20166016,-75.97561,10.396341,46.55488
225,0.9284668,-0.421875,0.19335938,-31.310976,10.97561,38.536587
225,1.1367188,-0.34033203,0.28833008,43.23171,19.390244,20
225,1.0805664,-0.1730957,0.36767578,49.02439,18.62805,-1.2804878
225,1.0092773,-0.12231445,0.38623047,13.810976,9.634147,-15.54878
225,1.4020996,-0.26757813,0.40234375,-23.353659,6.128049,-56.98171
225,1.0244141,-0.38452148,0.46289063,-26.554878,-29.664635,-95.518295
225,0.7241211,-0.4416504,0.50512695,-11.006098,-39.268295,-101.73781
225,0.79589844,-0.3413086,0.48120117,39.359756,-25.274391,-88.62805
225,0.921875,-0.23999023,0.4506836,64.085365,-27.5,-75
225,0.8642578,-0.11767578,0.39038086,50.640244,-23.353659,-50.670734
225,0.734375,-0.047851563,0.32885742,12.591464,-6.737805,-29.024391
225,0.60791016,-0.08251953,0.33251953,-18.62805,-5.7317076,-25.243902
225,0.6062012,-0.18652344,0.32373047,-57.37805,2.7439024,-27.195122
225,0.7199707,-0.28930664,0.29003906,-63.871952,21.981709,-19.32927
225,0.7758789,-0.32592773,0.3190918,-51.067074,21.554878,-20.304878
225,0.8220215,-0.38891602,0.36401367,-39.02439,15.97561,-28.20122
225,0.77197266,-0.42700195,0.43066406,-7.896342,11.646341,-38.170734
226,0.8071289,-0.44189453,0.4658203,1.7073171,4.085366,-54.17683
226,0.9538574,-0.46557617,0.50341797,7.164634,1.1280488,-64.939026
226,1.439209,-0.5349121,0.5175781,11.097561,1.4329269,-63.109756
226,1.5200195,-0.4658203,0.5422363,15.091464,-0.6707317,-50.57927
226,0.8647461,-0.34448242,0.43188477,-9.939025,-2.3170733,-15.335366
226,0.7519531,-0.29125977,0.34399414,7.6219516,0.85365856,63.292683
226,1.0576172,-0.24780273,0.33789063,57.80488,-1.9817073,82.07317
226,0.99902344,-0.26953125,0.29223633,70.48781,-2.2865853,101.40244
226,1.0236816,-0.2878418,0.29101563,71.64634,5.4573174,106.0061
226,0.8486328,-0.19946289,0.30786133,57.469513,7.1341467,106.40244
226,0.6723633,-0.16333008,0.28442383,19.969513,6.3109756,110.15244
226,0.70703125,-0.23046875,0.23339844,-23.109756,5.304878,97.37805
226,0.79785156,-0.2397461,0.20874023,-6.402439,2.042683,83.47561
226,0.82958984,-0.22998047,0.21435547,2.9268293,3.323171,65.48781
226,0.8725586,-0.25219727,0.2421875,12.865854,3.8719513,49.48171
226,1.0437012,-0.23486328,0.30371094,23.20122,11.95122,31.585367
226,1.1789551,-0.1694336,0.34765625,24.32927,19.817074,10.792684
226,1.0131836,-0.1105957,0.36914063,-5.8536587,10.884147,-10.97561
226,1.2780762,-0.18188477,0.36108398,-28.536587,15.365854,-35.85366
226,1.2004395,-0.27929688,0.38745117,-33.048782,-1.9817073,-72.560974
226,0.7475586,-0.37890625,0.5007324,-25.213415,-37.378048,-100.82317
226,0.6657715,-0.3959961,0.5305176,3.140244,-34.32927,-97.80488
226,0.8405762,-0.36401367,0.52734375,46.52439,-27.835367,-84.085365
226,0.97802734,-0.19262695,0.44433594,77.98781,-25.97561,-56.737804
226,0.89331055,-0.016845703,0.38891602,57.042683,-15.731708,-29.085367
226,0.70581055,0.0637207,0.39941406,15.853659,-7.4390244,-15.6707325
226,0.6105957,0.002685547,0.39624023,-65.18293,5.8231707,-21.737806
226,0.68603516,-0.14648438,0.34204102,-111.85976,23.62805,-27.012196
226,0.7290039,-0.2763672,0.30200195,-113.56708,30.731709,-22.591463
226,0.734375,-0.3828125,0.31201172,-78.810974,26.189026,-27.34756
226,0.7155762,-0.4333496,0.35473633,-41.09756,20.396341,-34.969513
227,0.75341797,-0.46435547,0.42260742,0.09146342,11.097561,-44.969513
227,0.8640137,-0.47143555,0.50439453,37.835365,-1.890244,-66.43293
227,0.9938965,-0.4272461,0.49121094,40.85366,-1.3719512,-72.10366
227,1.3508301,-0.38500977,0.4819336,24.756098,-0.9756098,-72.59147
227,1.2514648,-0.3227539,0.5205078,-8.689025,-9.908537,-46.55488
227,0.81518555,-0.33911133,0.4177246,-32.34756,0.57926834,-0.33536586
227,0.8835449,-0.34545898,0.3540039,-16.981709,2.2560976,50
227,0.9958496,-0.3413086,0.32958984,43.90244,-11.402439,82.256096
227,1.0024414,-0.38476563,0.3059082,72.40854,-11.402439,102.07317
227,0.9885254,-0.31201172,0.31884766,93.993904,-6.9512196,111.64635
227,0.79052734,-0.1628418,0.3076172,82.256096,-5.8231707,121.951225
227,0.67163086,-0.12524414,0.27319336,36.128048,3.8414636,114.90854
227,0.69506836,-0.18188477,0.24926758,10.121951,-2.4390244,122.80488
227,0.8183594,-0.26611328,0.27392578,9.359756,2.378049,94.48171
227,0.9394531,-0.26879883,0.27392578,13.963415,11.310976,83.07927
227,0.9992676,-0.21557617,0.28808594,10.6402445,18.75,68.597565
227,1.1972656,-0.16015625,0.35424805,-1.1585367,24.664635,50.213417
227,1.177002,-0.08642578,0.37573242,-15.426829,27.073172,29.45122
227,1.0314941,-0.09106445,0.38232422,-43.170734,15.030488,10.609756
227,1.2575684,-0.22314453,0.3942871,-48.871952,13.04878,-37.22561
227,1.0991211,-0.34106445,0.44067383,-35.396343,-11.463415,-79.42073
227,0.80371094,-0.38989258,0.5061035,-19.115854,-30.121952,-104.90854
227,0.7331543,-0.2939453,0.5085449,9.45122,-19.512196,-103.96342
227,0.8757324,-0.2685547,0.4633789,31.859756,-20.518293,-92.59147
227,0.9399414,-0.16601563,0.38745117,41.463417,-19.146341,-73.65854
227,0.85058594,-0.037353516,0.29516602,19.756098,-8.414635,-54.05488
227,0.7175293,-0.040283203,0.2866211,-6.0670733,-3.932927,-53.963417
227,0.62109375,-0.10083008,0.30566406,-47.865856,1.7682927,-58.65854
227,0.6958008,-0.25585938,0.2775879,-110.09147,25.487806,-64.29878
227,0.767334,-0.34155273,0.25170898,-109.176834,35.518295,-54.05488
228,0.8300781,-0.37695313,0.27978516,-77.95732,27.5,-56.768295
228,0.8408203,-0.46411133,0.3774414,-41.219513,15.609756,-65.335365
228,0.83447266,-0.5239258,0.46166992,-16.920732,4.4512196,-73.93293
228,0.83740234,-0.54418945,0.5124512,0.4878049,-3.75,-81.52439
228,1.1408691,-0.5786133,0.49291992,23.689026,-7.1036587,-81.95122
228,1.5129395,-0.57543945,0.50390625,42.65244,-10.426829,-74.69512
228,1.2116699,-0.50756836,0.45776367,47.19512,-18.414635,-45.487804
228,0.7126465,-0.3400879,0.4008789,43.20122,2.5304878,50.243904
228,0.9953613,-0.2319336,0.3762207,55.396343,-1.0365853,102.13415
228,1.0205078,-0.28125,0.33081055,70.60976,0.12195122,125.243904
228,1.0844727,-0.37768555,0.30126953,79.29878,4.2073174,141.40244
228,1.0456543,-0.28564453,0.3083496,89.57317,7.22561,149.66464
228,0.8977051,-0.18554688,0.26489258,114.23781,-2.3170733,169.17683
228,0.6994629,-0.05859375,0.24316406,54.390244,22.560976,123.75
228,0.84765625,-0.13085938,0.25097656,-35.060978,13.109756,137.62195
228,0.85717773,-0.32373047,0.17919922,-27.408537,8.414635,120.88415
228,0.9489746,-0.24682617,0.20947266,-11.95122,20.121952,86.85976
228,1.088623,-0.29370117,0.24731445,1.3109757,20.457317,71.34147
228,1.2434082,-0.1953125,0.28515625,12.256098,29.17683,50.609756
228,1.0175781,-9.77E-04,0.33129883,-19.390244,22.37805,25.487806
228,1.1281738,-0.05029297,0.34350586,-54.60366,17.5,-2.2256098
228,1.2727051,-0.20922852,0.3449707,-67.926834,10.823171,-47.835365
228,0.8911133,-0.3935547,0.48828125,-51.646343,-32.77439,-98.56708
228,0.76342773,-0.4086914,0.5571289,-8.1402445,-28.810976,-114.39024
228,0.86816406,-0.31054688,0.5332031,42.469513,-17.591463,-109.847565
228,0.9916992,-0.15673828,0.4375,71.676834,-20.213415,-90.82317
228,0.97314453,0.017822266,0.35498047,51.55488,-15.182927,-82.10366
228,0.8691406,0.07788086,0.33691406,11.036586,-5.9451222,-82.5
228,0.70458984,0.007080078,0.35498047,-65.15244,-1.890244,-92.53049
228,0.6999512,-0.16186523,0.32666016,-134.93903,16.585365,-97.59147
228,0.7121582,-0.32714844,0.22705078,-155.94513,42.865856,-87.07317
229,0.76049805,-0.37719727,0.21826172,-95.73171,46.25,-77.40854
229,0.8562012,-0.4309082,0.27124023,-50.792683,37.530487,-83.47561
229,0.9123535,-0.47436523,0.35302734,-24.908537,27.591465,-89.69512
229,0.89575195,-0.5012207,0.43896484,-18.170732,9.420732,-110.36586
229,0.9694824,-0.5463867,0.45532227,-31.615854,4.054878,-117.04269
229,1.3798828,-0.74975586,0.4609375,-20.54878,-2.1036587,-105.21342
229,1.2268066,-0.7507324,0.41967773,65.15244,-20.030489,-35.091465
229,0.7355957,-0.4399414,0.36547852,102.621956,-18.262196,37.591465
229,0.87524414,-0.18725586,0.38330078,102.89635,-18.109756,97.89635
229,1.0827637,-0.1875,0.38110352,72.743904,0.39634147,139.20732
229,1.1086426,-0.35351563,0.36938477,44.664635,3.780488,150.18294
229,1.1494141,-0.37158203,0.34936523,43.65854,8.780488,154.90854
229,0.97802734,-0.26220703,0.30615234,84.87805,-1.890244,186.25
229,0.8581543,-0.11401367,0.2133789,105.45732,9.634147,165.12195
229,0.80859375,-0.12548828,0.25561523,40.121952,8.292683,160.97562
229,0.7866211,-0.27514648,0.1459961,2.957317,2.3475611,152.46951
229,0.8515625,-0.25927734,0.17407227,19.390244,0.5487805,122.439026
229,0.9692383,-0.3083496,0.203125,32.012196,7.5914636,104.02439
229,1.2839355,-0.28466797,0.26171875,55.975613,16.707317,67.31708
229,1.1982422,-0.107177734,0.31420898,46.463417,18.871952,36.341465
229,1.020752,0.017822266,0.33984375,7.682927,14.4207325,21.158537
229,1.3063965,-0.044921875,0.3701172,-36.585365,9.207317,-17.286585
229,1.204834,-0.16918945,0.46240234,-48.323174,-18.262196,-62.19512
229,0.94873047,-0.27026367,0.5739746,-46.98171,-41.798782,-92.560974
229,0.80078125,-0.19848633,0.5488281,-28.719513,-25.457317,-103.871956
229,0.9169922,-0.16259766,0.4868164,-12.530488,-18.292683,-100.73171
229,0.9165039,-0.08935547,0.4152832,-4.512195,-14.542684,-101.951225
229,0.8520508,-0.049316406,0.3112793,-12.134147,-7.042683,-96.25
229,0.75,-0.0925293,0.29663086,-23.292683,2.042683,-98.84147
229,0.6838379,-0.13476563,0.30615234,-56.067074,5.914634,-107.164635
229,0.8076172,-0.3022461,0.27685547,-120.57927,26.981709,-119.5122
230,0.89282227,-0.36865234,0.23095703,-121.097565,42.743904,-112.5
230,0.9543457,-0.4104004,0.25756836,-92.19512,39.359756,-112.46951
230,0.92626953,-0.46435547,0.3544922,-64.57317,23.993902,-117.621956
230,0.93359375,-0.5527344,0.39746094,-53.719513,16.981709,-113.81098
230,0.99121094,-0.6274414,0.42944336,-32.469513,7.1341467,-109.60366
230,1.0878906,-0.65966797,0.42236328,4.908537,-0.945122,-73.17073
230,1.331543,-0.69384766,0.39672852,38.871952,-9.847561,-34.146343
230,1.1604004,-0.48535156,0.44213867,54.786587,-20.54878,14.359756
230,0.7529297,-0.35205078,0.3942871,40.640244,-14.603659,78.018295
230,0.9926758,-0.37329102,0.35986328,35.57927,-6.9512196,103.90244
230,1.0612793,-0.39526367,0.31689453,39.84756,-2.5609756,119.5122
230,1.0695801,-0.40429688,0.25732422,64.05488,-2.835366,134.05489
230,1.0913086,-0.3166504,0.25048828,94.54269,-5.9451222,142.43903
230,0.9938965,-0.21044922,0.21704102,137.22562,-14.786586,171.03659
230,0.7858887,-0.099853516,0.2163086,131.15854,11.036586,140.09146
230,0.9658203,0.005371094,0.29077148,0.70121956,14.115854,139.69513
230,0.923584,-0.2993164,0.19189453,-53.75,15.396342,156.12805
230,1.0217285,-0.29736328,0.23779297,0.88414633,4.3292685,116.06708
230,1.1350098,-0.3395996,0.27124023,42.682926,12.682927,108.018295
230,1.217041,-0.17382813,0.30566406,65.18293,24.420732,86.34147
230,1.0480957,0.06738281,0.36401367,26.95122,25.15244,52.560978
230,0.986084,0.06298828,0.37939453,-32.10366,17.621952,21.310976
230,1.1645508,-0.1303711,0.34716797,-68.65854,7.987805,-19.84756
230,0.90625,-0.39135742,0.4477539,-50.548782,-31.707317,-80.426834
230,0.75439453,-0.3791504,0.48535156,-18.780489,-36.432926,-107.40854
230,0.8642578,-0.2631836,0.45043945,9.969512,-27.37805,-116.40244
230,0.99438477,-0.2097168,0.3935547,34.878048,-31.768293,-113.17073
230,0.98999023,-0.15649414,0.36157227,31.737806,-27.591465,-109.87805
230,0.8803711,-0.12231445,0.34033203,9.695122,-17.804878,-100.21342
230,0.67333984,-0.11669922,0.34692383,-27.743902,-12.286586,-96.15854
230,0.65063477,-0.18115234,0.3540039,-69.32927,-0.6097561,-96.43293
231,0.7453613,-0.2541504,0.29418945,-104.7561,21.189024,-98.38415
231,0.88549805,-0.3154297,0.28955078,-96.0061,30.57927,-94.90854
231,0.9499512,-0.38671875,0.34765625,-71.73781,28.506098,-100.701225
231,0.859375,-0.45898438,0.39892578,-65.121956,21.280489,-103.56708
231,0.9033203,-0.560791,0.4807129,-49.48171,10.6402445,-113.47561
231,1.0212402,-0.62890625,0.49780273,-29.054878,6.3719516,-108.414635
231,1.2634277,-0.63427734,0.4465332,-8.445122,7.3475614,-85.121956
231,1.3344727,-0.6230469,0.45385742,24.573172,-11.402439,-29.481709
231,0.78222656,-0.40893555,0.42114258,31.920732,-6.402439,31.371952
231,0.7351074,-0.3034668,0.35229492,31.40244,-7.1341467,88.75
231,1.0603027,-0.35839844,0.31933594,47.987804,-2.5304878,124.05488
231,1.0500488,-0.38842773,0.32080078,58.018295,2.3170733,135.18294
231,1.1123047,-0.37109375,0.31201172,70.18293,3.140244,141.40244
231,0.9621582,-0.21044922,0.28320313,74.81708,2.1036587,155.94513
231,0.83447266,-0.12524414,0.2512207,59.69512,5.7012196,155.57927
231,0.8486328,-0.19750977,0.23950195,23.75,8.079268,158.56708
231,0.96118164,-0.27929688,0.24487305,26.920732,5.365854,138.81097
231,1.0107422,-0.2487793,0.25683594,35.97561,9.908537,124.60366
231,0.9838867,-0.19262695,0.25854492,34.146343,14.29878,109.29878
231,1.0681152,-0.16821289,0.3125,29.84756,15.792684,78.414635
231,1.1826172,-0.11621094,0.34423828,29.603659,22.621952,51.493904
231,0.97875977,0.041503906,0.3630371,5.914634,17.5,25.640245
231,1.1420898,-0.056152344,0.37158203,-39.359756,8.780488,-20.70122
231,1.1950684,-0.21948242,0.40478516,-42.713417,-4.115854,-73.23171
231,0.920166,-0.3017578,0.50097656,-37.40854,-32.469513,-107.86586
231,0.8186035,-0.24121094,0.49560547,-30.54878,-20.121952,-123.71951
231,0.91064453,-0.20288086,0.45239258,-20.853659,-19.84756,-121.61586
231,0.98095703,-0.1899414,0.4013672,-12.987805,-23.445122,-116.61586
231,0.9580078,-0.15600586,0.32104492,-7.2865853,-14.45122,-105
231,0.8417969,-0.16186523,0.2927246,-10.6402445,-7.164634,-96.34147
232,0.6904297,-0.18066406,0.33618164,-33.75,-4.085366,-93.35366
232,0.69873047,-0.24633789,0.30419922,-95.15244,11.707317,-101.0061
232,0.7780762,-0.30444336,0.27905273,-116.585365,21.920732,-93.597565
232,0.8679199,-0.39111328,0.2746582,-81.40244,24.573172,-97.347565
232,0.86450195,-0.4975586,0.3737793,-44.969513,15.152439,-95.67073
232,0.8522949,-0.55371094,0.45385742,-27.317074,9.237805,-97.37805
232,0.97216797,-0.59375,0.4934082,-5.2439027,3.140244,-94.847565
232,1.1269531,-0.5852051,0.4729004,24.237806,-0.24390244,-60.70122
232,1.4355469,-0.54467773,0.46533203,40.914635,-3.5670733,-27.469513
232,1.2993164,-0.3959961,0.47851563,34.268295,-7.987805,24.32927
232,0.74975586,-0.28027344,0.40527344,2.4695122,-3.6585367,85.03049
232,0.8967285,-0.35229492,0.34423828,-0.88414633,-2.5,111.46342
232,1.0073242,-0.41723633,0.29101563,24.481709,-2.0731707,127.71342
232,1.0378418,-0.41235352,0.24829102,76.006096,-7.8353662,131.61586
232,1.1257324,-0.30419922,0.25805664,111.585365,-4.9695125,136.15854
232,1.0449219,-0.14648438,0.17700195,141.37195,-11.006098,162.56097
232,0.75878906,-0.044921875,0.20727539,118.56708,20.609756,138.32318
232,0.9177246,0.08105469,0.2548828,-24.87805,12.347561,134.96951
232,0.8564453,-0.2409668,0.15673828,-86.89024,17.65244,146.43294
232,0.9724121,-0.3125,0.20629883,-32.134148,1.3109757,97.07317
232,0.9909668,-0.33398438,0.234375,-0.8231708,7.652439,84.451225
232,1.0888672,-0.27319336,0.26708984,25.304878,12.408537,64.90854
232,0.98876953,-0.10058594,0.33520508,33.292683,12.896341,28.59756
232,0.90893555,-0.07836914,0.3864746,6.9817076,4.1463413,1.5548781
232,1.1538086,-0.17871094,0.39208984,-20.42683,3.2012196,-34.634148
232,1.1000977,-0.3330078,0.4946289,-18.810976,-23.384148,-102.347565
232,0.9091797,-0.37451172,0.59106445,-5.5487804,-38.20122,-132.19513
232,0.8635254,-0.33129883,0.58447266,13.963415,-28.506098,-134.35976
232,0.95581055,-0.16479492,0.51000977,28.567074,-16.890244,-112.28659
232,0.97265625,-0.04321289,0.44262695,13.780488,-14.146341,-99.20732
232,0.91674805,-0.030273438,0.3630371,-11.341464,-2.7743902,-84.72561
233,0.7023926,-0.072509766,0.31713867,-48.59756,7.3475614,-71.493904
233,0.63256836,-0.16552734,0.29614258,-94.54269,14.512196,-72.53049
233,0.68310547,-0.2824707,0.2619629,-123.78049,30.853659,-72.95732
233,0.7663574,-0.375,0.25805664,-96.46342,38.384148,-62.40854
233,0.82592773,-0.38061523,0.29125977,-68.53659,33.719513,-63.567074
233,0.80908203,-0.4182129,0.3479004,-45.121952,26.12805,-67.256096
233,0.8005371,-0.42700195,0.4555664,-22.073172,10.213415,-83.04878
233,0.82177734,-0.47998047,0.5085449,-19.817074,1.5548781,-99.42073
233,1.0280762,-0.5251465,0.52783203,-11.036586,-0.30487806,-105.79269
233,1.6123047,-0.607666,0.55029297,11.554878,-4.664634,-90.67073
233,1.1394043,-0.5449219,0.501709,23.810976,-17.134148,-42.34756
233,0.6311035,-0.38378906,0.4169922,40.42683,-4.72561,32.591465
233,0.9406738,-0.22998047,0.3581543,66.006096,-13.018293,103.96342
233,0.9980469,-0.2680664,0.3203125,74.32927,-5.9451222,133.32318
233,1.0864258,-0.3791504,0.3173828,77.95732,-4.268293,140.30489
233,1.0524902,-0.26464844,0.34106445,85.97561,2.195122,147.46951
233,0.86450195,-0.18017578,0.3310547,67.164635,-1.4634147,162.01219
233,0.78466797,-0.15673828,0.26879883,29.207317,5.396342,150.64024
233,0.84814453,-0.25952148,0.23852539,21.006098,-2.2256098,151.67683
233,0.9140625,-0.2746582,0.23901367,38.018295,3.140244,129.63416
233,0.954834,-0.24707031,0.25976563,40.70122,11.52439,116.28049
233,1.0541992,-0.19165039,0.31176758,35.335365,20.121952,91.55488
233,1.2314453,-0.125,0.35961914,28.59756,28.04878,63.140244
233,1.1174316,-0.009033203,0.36328125,4.542683,30.54878,39.90854
233,1.0888672,0.010742188,0.3828125,-31.920732,17.439024,3.4756098
233,1.21875,-0.115722656,0.4050293,-33.109756,9.29878,-44.298782
233,1.0368652,-0.265625,0.49829102,-24.390244,-28.231709,-83.871956
233,0.80908203,-0.26733398,0.5385742,-10.27439,-32.469513,-111.82927
233,0.85180664,-0.1862793,0.4873047,-6.52439,-25.640245,-110.67073
233,0.91430664,-0.123046875,0.43164063,-11.981708,-27.103659,-103.65854
234,0.93530273,-0.10107422,0.34399414,-21.09756,-15.6707325,-94.29878
234,0.8269043,-0.111328125,0.29174805,-22.22561,-6.402439,-83.810974
234,0.68188477,-0.11328125,0.29345703,-35.335365,-0.7621951,-82.95732
234,0.65527344,-0.23632813,0.3076172,-86.40244,9.054878,-91.89024
234,0.7824707,-0.32861328,0.30810547,-106.61586,21.09756,-94.14635
234,0.8833008,-0.3791504,0.34985352,-97.10366,24.939026,-88.10976
234,0.87280273,-0.4555664,0.39013672,-57.19512,12.591464,-93.10976
234,0.8066406,-0.5119629,0.44458008,-30.182928,4.6951222,-93.810974
234,0.88916016,-0.51049805,0.49291992,-0.79268295,1.1280488,-96.371956
234,1.0141602,-0.5114746,0.50561523,12.560976,0.39634147,-84.664635
234,1.2775879,-0.5629883,0.4584961,8.018292,3.628049,-61.859756
234,1.4882813,-0.5708008,0.4807129,14.329268,-5.335366,-22.34756
234,0.86450195,-0.39038086,0.4506836,8.04878,-5.152439,42.743904
234,0.74780273,-0.34375,0.3623047,13.384147,-4.847561,87.59147
234,1.005127,-0.36743164,0.30859375,34.268295,-1.4024391,109.63415
234,1.0473633,-0.4111328,0.25708008,70.060974,-1.7378049,126.73781
234,1.142334,-0.37548828,0.24804688,100.518295,0.09146342,136.03659
234,1.0803223,-0.22045898,0.25024414,112.89635,4.420732,149.32927
234,0.8786621,-0.053466797,0.22680664,78.23171,10.823171,149.14635
234,0.83935547,-0.11450195,0.24584961,23.90244,9.329268,159.7561
234,0.8823242,-0.22314453,0.21533203,-5.152439,8.689025,151.12805
234,0.90722656,-0.27807617,0.19580078,4.6341467,8.871951,130.18292
234,0.90405273,-0.28271484,0.20141602,22.37805,8.932927,115.18293
234,0.99560547,-0.25146484,0.22753906,37.5,12.469513,93.10976
234,1.2312012,-0.1459961,0.25439453,38.35366,17.164635,55.94512
234,1.0581055,-0.009277344,0.29125977,3.6585367,10.396341,31.371952
234,1.010498,-0.02319336,0.32958984,-38.871952,-4.3292685,7.3170733
234,1.1044922,-0.23999023,0.42529297,-45.213417,-10.792684,-68.018295
234,0.90649414,-0.35351563,0.545166,-34.84756,-32.134148,-113.201225
234,0.7548828,-0.27368164,0.5761719,-29.481709,-20.213415,-137.2561
234,0.9230957,-0.19116211,0.56274414,-17.65244,-17.5,-152.28659
235,1.0986328,-0.20092773,0.54541016,-11.646341,-20.487804,-156.31097
235,1.0773926,-0.14697266,0.46801758,-21.09756,-13.871951,-145.03049
235,0.91381836,-0.15600586,0.36450195,-41.798782,-0.09146342,-120.85366
235,0.7253418,-0.20043945,0.32641602,-65.27439,7.5914636,-110.73171
235,0.69091797,-0.27612305,0.25073242,-92.65244,18.353659,-104.48171
235,0.75561523,-0.33789063,0.16699219,-82.59147,31.67683,-86.189026
235,0.8173828,-0.36083984,0.20214844,-59.48171,23.932928,-78.38415
235,0.91503906,-0.42138672,0.2619629,-45.060978,22.34756,-71.46342
235,0.85180664,-0.44262695,0.3635254,-31.493904,9.420732,-67.40854
235,0.8400879,-0.47875977,0.4260254,-30.762196,-1.0670732,-69.23781
235,0.9165039,-0.5588379,0.4729004,-21.341463,-3.780488,-71.79878
235,1.2773438,-0.638916,0.47070313,13.628049,-5.640244,-46.52439
235,1.5441895,-0.5998535,0.48217773,45.365856,-19.695122,-15.457317
235,1.060791,-0.37524414,0.48266602,57.19512,-19.908537,28.47561
235,0.7590332,-0.20410156,0.39013672,52.40854,-10.213415,99.48171
235,0.9855957,-0.24926758,0.34594727,55.609756,-4.268293,127.37805
235,1.0507813,-0.33398438,0.33276367,72.37805,-0.945122,143.81097
235,1.1789551,-0.34301758,0.31591797,110.94512,6.0365853,153.07927
235,1.104248,-0.2409668,0.30541992,126.34147,8.109756,165.30489
235,0.95043945,-0.07397461,0.2932129,103.32317,23.871952,147.31708
235,0.8781738,-0.11254883,0.265625,10.670732,27.621952,154.5427
235,0.86694336,-0.22094727,0.21655273,-16.707317,23.658537,139.32927
235,0.90722656,-0.26513672,0.2019043,-14.939025,22.65244,122.07317
235,0.8886719,-0.25463867,0.1965332,2.4390244,24.32927,103.78049
235,0.9128418,-0.21606445,0.23339844,17.195122,25.487806,86.006096
235,1.072998,-0.16308594,0.2849121,21.067074,30.518293,57.83537
235,0.98657227,-0.026123047,0.3083496,-11.067074,27.469513,17.37805
235,0.8757324,-0.04711914,0.31640625,-47.40854,11.158537,-7.2865853
235,1.1364746,-0.20507813,0.31323242,-51.707317,6.3414636,-49.390244
235,1.0944824,-0.37695313,0.4350586,-20.57927,-26.12805,-113.56708
235,0.87280273,-0.36621094,0.5239258,-10.213415,-41.920734,-144.93903
236,0.8466797,-0.29492188,0.5024414,-6.7073174,-28.993902,-152.2561
236,0.9538574,-0.20410156,0.4428711,1.890244,-34.02439,-139.84756
236,1.0009766,-0.15307617,0.40844727,1.4024391,-29.573172,-131.92073
236,0.98461914,-0.1586914,0.35131836,-3.2317073,-19.84756,-106.43293
236,0.8088379,-0.1784668,0.34301758,-5.4268293,-18.567074,-86.34147
236,0.69628906,-0.23730469,0.39038086,-37.591465,-14.3902445,-80.060974
236,0.72998047,-0.27026367,0.3935547,-80.15244,3.4756098,-75.03049
236,0.8186035,-0.38867188,0.31982422,-80.7622,22.530489,-71.676834
236,0.8642578,-0.38549805,0.34106445,-56.890244,13.262196,-65.67073
236,0.82592773,-0.43725586,0.41601563,-39.48171,13.384147,-65.45732
236,0.84936523,-0.48583984,0.50561523,-17.957317,7.987805,-69.81708
236,0.91674805,-0.46411133,0.52685547,-8.170732,5.0609756,-77.37805
236,0.97314453,-0.44067383,0.4880371,-13.445123,6.25,-66.79878
236,1.3547363,-0.54907227,0.4501953,-10.365854,7.865854,-35.42683
236,1.3984375,-0.5107422,0.46313477,8.658537,-3.2926831,3.3536587
236,0.89697266,-0.31396484,0.42236328,5.2439027,-1.097561,52.34756
236,0.8701172,-0.2861328,0.32885742,19.054878,-3.5670733,105.67073
236,1.0732422,-0.31884766,0.3293457,50.57927,-0.15243903,126.676834
236,1.0996094,-0.3408203,0.31298828,73.53659,3.2926831,142.98781
236,1.1679688,-0.31811523,0.28759766,97.560974,2.652439,157.80489
236,1.0551758,-0.20629883,0.27294922,132.89635,0.57926834,177.31708
236,0.8852539,-0.04736328,0.2697754,108.17073,15.518293,144.14635
236,0.84277344,-0.016357422,0.2746582,-24.115854,21.524391,151.49391
236,0.7944336,-0.31079102,0.21020508,-45.335365,-1.5853659,152.01219
236,0.8625488,-0.36108398,0.19873047,4.4817076,-1.8597561,123.597565
236,0.876709,-0.34228516,0.20263672,89.54269,2.652439,102.95732
236,0.9663086,-0.17822266,0.2644043,103.17073,16.158537,77.835365
236,1.0666504,-0.00390625,0.34936523,66.92073,25.54878,40.73171
236,0.9328613,-0.001953125,0.3684082,-27.713415,20.609756,-3.0487804
236,1.0004883,-0.15673828,0.36035156,-72.46951,13.536586,-32.164635
237,1.1621094,-0.27246094,0.36791992,-65.914635,4.4817076,-81.82927
237,0.90527344,-0.35253906,0.49438477,-47.80488,-39.05488,-144.90854
237,0.7626953,-0.3293457,0.54541016,-42.987804,-46.067074,-160.60976
237,0.81689453,-0.28564453,0.53808594,-24.756098,-44.237804,-155.21342
237,1.0251465,-0.24487305,0.47973633,5.27439,-40.27439,-144.81708
237,1.0336914,-0.16235352,0.3762207,6.280488,-27.835367,-123.47562
237,0.9836426,-0.1237793,0.2902832,2.957317,-15.884147,-102.95732
237,0.7902832,-0.103271484,0.32128906,-23.567074,-14.603659,-85.82317
237,0.72509766,-0.2319336,0.32836914,-65,-3.6585367,-77.65244
237,0.77905273,-0.31396484,0.3005371,-87.53049,2.8963416,-60.518295
237,0.8327637,-0.35498047,0.28710938,-58.93293,8.506098,-49.237804
237,0.90283203,-0.3671875,0.3388672,-46.95122,1.4634147,-48.59756
237,0.7841797,-0.37182617,0.38989258,-39.48171,-5.0609756,-42.835365
237,0.80200195,-0.41577148,0.46191406,-31.707317,-7.164634,-46.0061
237,0.86279297,-0.43554688,0.48754883,-21.25,-7.9268293,-52.19512
237,1.0195313,-0.4387207,0.48535156,-13.109756,-2.682927,-47.19512
237,1.503418,-0.48388672,0.50756836,-0.36585367,0.4878049,-25.091463
237,1.2954102,-0.39013672,0.5065918,-2.3475611,-2.8658538,2.682927
237,0.87060547,-0.28979492,0.45507813,-11.371951,4.72561,56.036587
237,0.9082031,-0.2553711,0.34594727,24.390244,3.2926831,107.743904
237,1.0671387,-0.28881836,0.33325195,63.59756,5.8231707,127.19512
237,1.1362305,-0.33618164,0.31298828,97.98781,7.560976,139.05489
237,1.2219238,-0.17895508,0.29492188,149.87805,-8.170732,173.35367
237,0.9248047,-0.13232422,0.21801758,180.09146,36.341465,118.10976
237,0.765625,-0.023925781,0.39379883,54.298782,36.280487,106.493904
237,0.72314453,-0.13720703,0.21801758,-86.43293,33.841465,134.32927
237,0.6647949,-0.33422852,0.12133789,-64.54269,11.067074,111.676834
237,0.70166016,-0.33422852,0.14404297,-17.439024,5.6097565,77.46951
237,0.77490234,-0.4645996,0.12670898,44.7561,9.695122,57.53049
237,0.8696289,-0.38842773,0.14624023,68.44512,15.396342,42.10366
237,0.9753418,-0.29125977,0.21533203,59.969513,17.195122,16.12805
238,0.9873047,-0.24951172,0.28442383,12.5,10.823171,-6.554878
238,0.9399414,-0.23608398,0.31054688,-31.036587,7.9268293,-11.768293
238,1.1171875,-0.31274414,0.3317871,-53.109756,-4.3292685,-22.5
238,1.0461426,-0.46801758,0.4609375,-48.810978,-37.591465,-58.536587
238,0.7836914,-0.5124512,0.5710449,-29.268293,-49.786587,-71.189026
238,0.6616211,-0.49291992,0.5756836,4.847561,-47.469513,-65
238,0.8466797,-0.33618164,0.49658203,50.70122,-34.085365,-45.15244
238,0.92871094,-0.20239258,0.48754883,56.95122,-24.17683,-35.365856
238,0.92626953,-0.23364258,0.51953125,43.780487,-13.932927,-19.573172
238,0.8347168,-0.29223633,0.55493164,10.762196,-8.323171,-3.4146342
238,0.71606445,-0.30908203,0.5288086,-28.20122,-8.292683,2.8963416
238,0.60717773,-0.39794922,0.46435547,-51.463417,-3.3536587,3.3536587
238,0.5551758,-0.48486328,0.36572266,-39.512196,-1.6768293,-6.158537
238,0.5925293,-0.560791,0.3095703,-12.987805,-3.75,-7.896342
238,0.60302734,-0.61816406,0.30444336,30.823172,-11.219513,-7.9268293
238,0.6088867,-0.6179199,0.33520508,82.53049,-24.146341,-3.780488
238,0.72558594,-0.6430664,0.36669922,97.13415,-33.963417,-5.640244
238,0.7651367,-0.64208984,0.3737793,96.46342,-37.621952,-2.8658538
238,0.8317871,-0.63378906,0.3330078,97.86585,-38.44512,9.512196
238,0.8930664,-0.6176758,0.33154297,105.06098,-38.323174,19.024391
238,1.2121582,-0.732666,0.32617188,126.0061,-40.060978,27.865854
238,1.5109863,-0.5437012,0.31982422,156.43294,-32.896343,31.737806
238,1.0822754,-0.43164063,0.17700195,141.43294,-24.542683,52.957317
238,1.0253906,-0.35351563,0.091308594,143.38416,-30.54878,71.06708
238,0.98876953,-0.30737305,0.04345703,158.99391,-32.896343,80.518295
238,0.92163086,-0.30395508,0.024414063,163.07927,-30.670732,70.27439
238,0.84814453,-0.30639648,9.77E-04,157.0427,-31.310976,59.512196
238,0.83081055,-0.27929688,-0.037109375,140.64024,-26.12805,44.87805
238,0.8605957,-0.30200195,-0.06713867,136.58537,-26.524391,31.310976
238,0.8847656,-0.3322754,-0.09375,138.44513,-25.304878,15.6707325
238,0.96118164,-0.39404297,-0.10107422,151.25,-26.25,-2.3475611
239,1.0075684,-0.4038086,-0.100097656,168.99391,-25.15244,-10.670732
239,1.060791,-0.4248047,-0.1105957,180.33537,-23.993902,-8.47561
239,1.1201172,-0.41015625,-0.0847168,179.81708,-20.182928,8.414635
239,1.152832,-0.36767578,-0.08154297,168.10976,-16.890244,28.262196
239,1.1418457,-0.31201172,-0.064453125,151.55489,-11.189025,50.30488
239,1.1064453,-0.28881836,-0.043945313,137.95732,-6.0670733,76.12805
239,1.0981445,-0.30737305,-0.017333984,131.03659,-1.7682927,88.56708
239,1.0915527,-0.28442383,0.012207031,117.65244,3.262195,97.0122
239,1.0983887,-0.23950195,0.05078125,83.506096,9.908537,107.37805
239,1.0957031,-0.20605469,0.111328125,57.92683,12.682927,114.96951
239,1.1564941,-0.18823242,0.15454102,35.030487,17.804878,118.96342
239,1.3039551,-0.1953125,0.20239258,6.920732,22.073172,120.67074
239,1.1120605,-0.20458984,0.2680664,-6.8292685,15.54878,121.21951
239,0.94189453,-0.18554688,0.31958008,3.8109758,12.835366,125.48781
239,0.8959961,-0.14697266,0.35351563,43.963417,4.3292685,122.86586
239,0.9177246,-0.12573242,0.4260254,61.82927,0.27439025,109.60366
239,0.87109375,-0.103027344,0.5107422,57.83537,-3.5975611,87.46951
239,0.7468262,-0.14257813,0.5583496,34.17683,-6.52439,54.573174
239,0.7727051,-0.18920898,0.5541992,27.65244,-6.9817076,24.268293
239,0.7980957,-0.1772461,0.57714844,28.018293,-12.103659,-7.7439027
239,0.7548828,-0.20385742,0.5852051,27.408537,-23.262196,-47.134148
239,0.7241211,-0.234375,0.5776367,27.65244,-30.884148,-65.18293
239,0.71362305,-0.25732422,0.5847168,32.378048,-39.60366,-80.67073
239,0.72998047,-0.3190918,0.53930664,40.213417,-40.85366,-97.68293
239,0.7766113,-0.35302734,0.46142578,54.268295,-36.890244,-108.65854
239,0.8330078,-0.3408203,0.44458008,74.39024,-30.792685,-109.42073
239,1.0268555,-0.40893555,0.4165039,44.69512,-44.542683,-106.61586
239,0.82543945,-0.32250977,0.4658203,66.768295,-9.908537,-98.07927
239,0.8845215,-0.25830078,0.4560547,35.73171,-18.353659,-77.19512
239,0.79956055,-0.33935547,0.4296875,20.731709,-5.2439027,-48.262196
240,0.91381836,-0.26660156,0.32055664,-5.0609756,5.182927,-13.841464
240,0.923584,-0.25146484,0.32226563,-3.75,6.9817076,-16.341463
240,0.9116211,-0.22802734,0.31762695,-6.52439,9.146341,-16.67683
240,0.9133301,-0.19555664,0.3137207,-15.182927,11.067074,-16.859756
240,0.8935547,-0.1821289,0.31982422,-20.884148,10.457317,-17.621952
240,0.9313965,-0.17260742,0.32299805,-25.15244,11.036586,-19.84756
240,0.91259766,-0.15014648,0.3112793,-29.45122,9.786586,-24.664635
240,0.8798828,-0.15820313,0.3154297,-28.04878,7.256098,-28.20122
240,0.90893555,-0.18432617,0.3125,-19.268293,5.304878,-31.768293
240,0.8972168,-0.20922852,0.30273438,-2.8048782,0.45731708,-32.743904
240,0.93115234,-0.20654297,0.3137207,4.72561,-1.7682927,-34.57317
240,0.9511719,-0.21166992,0.3317871,7.3475614,-3.3841465,-34.298782
240,0.88964844,-0.1652832,0.32470703,-5.2134147,-2.8048782,-33.993904
240,0.8774414,-0.17041016,0.31567383,-28.59756,-1.1890244,-35
240,0.87231445,-0.23925781,0.31567383,-39.969513,0.79268295,-35.914635
240,0.8395996,-0.27246094,0.35205078,-33.780487,0.09146342,-36.341465
240,0.8327637,-0.25561523,0.36816406,-33.75,1.25,-37.591465
240,0.8300781,-0.26953125,0.36987305,-42.896343,2.9268293,-38.689026
240,0.8364258,-0.37158203,0.4152832,-33.292683,4.2073174,-35.182926
240,0.8522949,-0.36450195,0.44848633,-18.140244,4.664634,-28.62805
240,0.87475586,-0.34057617,0.4440918,-14.207317,6.402439,-21.646341
240,0.8996582,-0.36279297,0.4650879,-15.487805,5.6097565,-12.530488
240,0.8779297,-0.35961914,0.4501953,-16.036585,5.5792685,-2.8963416
240,0.8820801,-0.35986328,0.4326172,-16.006098,3.262195,3.7195122
240,1.0974121,-0.4362793,0.40161133,-2.5304878,-1.9817073,12.5
240,1.2963867,-0.45263672,0.38842773,13.658537,-5.792683,20
240,1.1345215,-0.35058594,0.3347168,18.231709,-6.4634147,32.317074
240,0.74902344,-0.28564453,0.28735352,11.310976,-9.512196,62.591465
240,0.7783203,-0.35546875,0.23339844,37.5,-15.213415,88.414635
240,0.98779297,-0.3828125,0.19384766,82.164635,-22.65244,102.46951
240,1.203125,-0.2902832,0.11352539,104.48171,-8.018292,114.5122
241,1.1137695,-0.18920898,0.107666016,76.73781,2.1341465,115.243904
241,0.9992676,-0.17651367,0.14379883,40.487804,-1.5853659,115.7622
241,0.8874512,-0.17919922,0.17260742,7.1341467,-5.4573174,111.31098
241,0.7824707,-0.22045898,0.19018555,-8.902439,-14.512196,103.78049
241,0.7956543,-0.27685547,0.21606445,-12.77439,-19.87805,89.57317
241,0.7807617,-0.33740234,0.20898438,-0.6097561,-20.15244,64.14634
241,0.8173828,-0.35717773,0.22070313,28.75,-23.140244,47.042683
241,0.9421387,-0.30908203,0.24121094,54.60366,-19.359756,27.530489
241,1.0717773,-0.27929688,0.25463867,67.37805,-16.25,-5.9451222
241,1.0698242,-0.22875977,0.2692871,60.27439,-16.432928,-33.90244
241,1.0820313,-0.203125,0.28833008,33.719513,-13.902439,-57.40854
241,1.3344727,-0.2475586,0.2421875,-7.378049,-21.40244,-94.14635
241,1.1516113,-0.32373047,0.30126953,-32.19512,-38.323174,-125.64024
241,0.9199219,-0.41308594,0.39208984,-39.359756,-40.42683,-130.79268
241,0.87060547,-0.38012695,0.33740234,-3.140244,-29.756098,-99.29878
241,0.94189453,-0.29882813,0.23730469,32.865856,-30.884148,-70.914635
241,0.91625977,-0.26391602,0.19506836,56.55488,-28.963415,-46.189026
241,0.8720703,-0.1652832,0.2290039,52.591465,-21.615854,-17.134148
241,0.7253418,-0.10498047,0.27392578,17.987804,-13.109756,-6.646342
241,0.64453125,-0.14794922,0.2956543,-29.573172,-2.957317,-2.7743902
241,0.69189453,-0.1953125,0.29907227,-72.46951,15.731708,0.945122
241,0.6816406,-0.26049805,0.28442383,-80.67073,20.457317,1.0670732
241,0.71313477,-0.31274414,0.2878418,-68.10976,20.060976,-1.5243902
241,0.76831055,-0.3474121,0.33691406,-43.44512,18.62805,-3.6585367
241,0.85791016,-0.3630371,0.38989258,-24.634148,14.756098,-9.72561
241,0.9470215,-0.40234375,0.45336914,-9.847561,8.170732,-18.62805
241,1.1494141,-0.4897461,0.50512695,6.8292685,-1.2804878,-27.896341
241,1.5834961,-0.5690918,0.5397949,29.542685,0.030487806,-30.823172
241,1.2585449,-0.44555664,0.45776367,36.82927,5.6097565,-26.737806
241,0.72216797,-0.33544922,0.27270508,20.57927,27.957317,20.609756
241,0.8977051,-0.34545898,0.25195313,53.719513,15.457317,59.02439
242,1.057373,-0.3618164,0.23291016,92.5,15.243903,74.939026
242,1.0410156,-0.33203125,0.19702148,100.121956,27.134148,81.64635
242,0.9729004,-0.25219727,0.20678711,77.98781,32.22561,89.60366
242,0.82421875,-0.17163086,0.20654297,39.573174,36.0061,93.84147
242,0.7302246,-0.1694336,0.18383789,-19.634148,37.80488,98.53659
242,0.77246094,-0.2409668,0.18652344,-45.70122,31.737806,97.560974
242,0.80615234,-0.28759766,0.16845703,-45.670734,28.018293,91.98171
242,0.90527344,-0.27954102,0.15649414,-29.207317,21.524391,78.871956
242,1.0744629,-0.29052734,0.1953125,-9.908537,16.646341,59.390244
242,1.1508789,-0.20385742,0.21875,4.359756,15.853659,36.371952
242,1.0571289,-0.083740234,0.2854004,-7.378049,11.768293,3.4756098
242,1.2260742,-0.06933594,0.29052734,-18.871952,3.140244,-27.37805
242,1.4807129,-0.1796875,0.28295898,-32.530487,-11.25,-66.34146
242,1.0427246,-0.3239746,0.42333984,-33.140244,-37.10366,-113.871956
242,0.79711914,-0.27856445,0.5070801,-12.469513,-35.670734,-121.15854
242,0.8334961,-0.24169922,0.45336914,7.865854,-31.006098,-106.493904
242,0.91259766,-0.15039063,0.3010254,16.646341,-24.481709,-85.60976
242,0.89038086,-0.09814453,0.23388672,3.262195,-20.243902,-80.82317
242,0.84033203,-0.122558594,0.22680664,-14.512196,-12.957317,-80.67073
242,0.71435547,-0.16821289,0.28710938,-45.762196,-6.1890244,-84.20732
242,0.69506836,-0.22924805,0.27148438,-87.621956,11.219513,-81.61585
242,0.7102051,-0.3137207,0.23754883,-106.34147,26.067074,-71.493904
242,0.7861328,-0.38500977,0.2685547,-74.05488,23.04878,-66.310974
242,0.8574219,-0.41308594,0.34765625,-61.55488,20.57927,-64.085365
242,0.89160156,-0.46069336,0.43017578,-58.23171,17.195122,-61.67683
242,0.91381836,-0.47924805,0.45092773,-48.871952,7.77439,-64.756096
242,0.9758301,-0.52734375,0.44189453,-45.94512,5.304878,-58.78049
242,1.3095703,-0.685791,0.42114258,-24.573172,-2.6219513,-41.95122
242,1.4692383,-0.7302246,0.4609375,39.634148,-12.042684,-5.518293
242,0.8874512,-0.5163574,0.39453125,57.560978,-7.1341467,27.804878
243,0.7121582,-0.37036133,0.30566406,76.40244,-6.25,90.914635
243,1.0397949,-0.33081055,0.22338867,102.59147,-11.158537,128.20122
243,1.0820313,-0.3552246,0.19091797,113.44512,0.24390244,136.79878
243,1.1044922,-0.35107422,0.19384766,118.04878,7.9573174,138.90244
243,1.0324707,-0.18261719,0.203125,99.29878,24.085367,143.47562
243,0.9099121,-0.09741211,0.1862793,47.80488,36.920734,146.25
243,0.8461914,-0.1472168,0.17871094,-7.7439027,38.841465,143.0183
243,0.9477539,-0.25927734,0.19677734,-42.439026,32.439026,131.37195
243,1.0490723,-0.3161621,0.21850586,-41.432926,28.140245,117.53049
243,1.1391602,-0.3112793,0.22631836,-26.036587,25.487806,98.38415
243,1.2214355,-0.2043457,0.20654297,-5.2134147,24.024391,65.03049
243,1.1000977,-0.06323242,0.22070313,-4.542683,18.323172,41.737804
243,1.1276855,-0.001953125,0.26367188,-10.762196,11.25,18.292683
243,1.2341309,-0.10595703,0.26049805,-23.719513,-8.628049,-48.140244
243,0.99243164,-0.3083496,0.37329102,-21.95122,-33.963417,-100.03049
243,0.8474121,-0.34838867,0.4716797,-2.1036587,-34.512196,-129.11586
243,0.87060547,-0.24609375,0.42236328,37.80488,-37.073174,-127.04269
243,0.9748535,-0.22973633,0.3334961,66.85976,-41.615856,-122.5
243,0.9536133,-0.21289063,0.31079102,76.21951,-47.621952,-122.77439
243,0.80126953,-0.13964844,0.31689453,38.292683,-40.97561,-121.98171
243,0.71728516,-0.12719727,0.33789063,-8.47561,-33.048782,-123.44512
243,0.7636719,-0.19921875,0.33911133,-60.73171,-18.20122,-125
243,0.81396484,-0.33007813,0.2915039,-94.32927,7.1036587,-113.29269
243,0.7832031,-0.3474121,0.27319336,-94.72561,11.310976,-100.73171
243,0.7895508,-0.40893555,0.31103516,-90.48781,9.603659,-88.47561
243,0.9560547,-0.54907227,0.44555664,-63.993904,1.890244,-71.34147
243,1.0151367,-0.5986328,0.49902344,-42.073174,-1.8292683,-59.298782
243,1.0974121,-0.61035156,0.49389648,-24.84756,-0.09146342,-42.34756
243,1.6235352,-0.71118164,0.51708984,13.567074,-7.4695125,-0.39634147
243,1.2355957,-0.45385742,0.4794922,28.841465,-0.6402439,36.707317
243,0.77197266,-0.29101563,0.44677734,26.554878,8.993902,80.64024
244,0.9633789,-0.25170898,0.33203125,47.591465,1.5548781,140.15244
244,1.159668,-0.33081055,0.28076172,64.45122,8.871951,153.53659
244,1.2663574,-0.31835938,0.25854492,81.03659,15.579268,154.2683
244,1.0864258,-0.22021484,0.21386719,69.42073,28.90244,165
244,0.85717773,-0.15161133,0.20776367,43.841465,28.90244,166.25
244,0.82910156,-0.17163086,0.2421875,23.262196,23.445122,164.51219
244,0.87646484,-0.21606445,0.2175293,8.658537,25.121952,145.7317
244,0.80322266,-0.2553711,0.17944336,-3.4146342,21.341463,127.926834
244,0.83813477,-0.31567383,0.19213867,-4.4512196,16.859756,104.05488
244,1.0163574,-0.3215332,0.23803711,17.012196,17.530489,72.53049
244,1.1188965,-0.25512695,0.2475586,28.20122,20.884148,48.475613
244,1.0546875,-0.13061523,0.2590332,23.262196,16.82927,24.29878
244,1.0146484,-0.064697266,0.35351563,-4.542683,2.957317,-8.75
244,1.2424316,-0.12573242,0.33813477,-24.207317,-7.3475614,-48.567074
244,1.0681152,-0.2607422,0.37963867,-33.5061,-31.189026,-92.77439
244,0.82421875,-0.3935547,0.5239258,-14.054878,-41.341465,-127.621956
244,0.89453125,-0.31469727,0.5456543,10.335366,-35.30488,-140.60976
244,0.9592285,-0.26220703,0.46533203,19.756098,-33.262196,-134.14635
244,1.0114746,-0.13549805,0.34643555,9.908537,-23.262196,-130.48781
244,0.9992676,-0.07519531,0.29174805,-16.40244,-16.981709,-130.21342
244,0.8737793,-0.09765625,0.2944336,-50.03049,-12.865854,-131.95122
244,0.78881836,-0.16894531,0.2927246,-103.71951,4.359756,-127.926834
244,0.8869629,-0.29248047,0.26123047,-136.37195,18.567074,-121.0061
244,0.89038086,-0.39892578,0.24023438,-135.48781,28.658537,-106.46342
244,0.8569336,-0.4814453,0.2536621,-104.085365,23.140244,-97.71342
244,0.8647461,-0.54785156,0.3125,-71.89024,15.304878,-94.57317
244,0.9057617,-0.62109375,0.38598633,-31.67683,4.5731707,-95.09147
244,0.9013672,-0.6533203,0.3857422,15,-6.737805,-88.96342
244,1.1467285,-0.7631836,0.3918457,50.42683,-16.737804,-67.621956
244,1.5981445,-0.72143555,0.4206543,88.62805,-26.768293,-22.621952
244,0.97021484,-0.29956055,0.42822266,72.31708,-6.9512196,49.573174
245,0.64819336,-0.19799805,0.40942383,36.82927,-3.2926831,104.176834
245,0.907959,-0.33154297,0.34057617,25.792683,-6.097561,144.72562
245,1.1142578,-0.4794922,0.28686523,45.335365,-2.0731707,157.62195
245,1.260498,-0.4975586,0.2614746,74.23781,-0.42682928,160.67073
245,1.2016602,-0.33666992,0.23120117,99.90854,6.768293,165.06097
245,0.96606445,-0.20996094,0.19482422,95.09147,13.292684,169.23781
245,1.0349121,-0.18041992,0.21362305,79.48171,20.42683,167.86586
245,1.0817871,-0.16674805,0.19433594,51.432926,31.646341,160.85367
245,0.98999023,-0.21069336,0.15893555,12.865854,33.140244,143.32318
245,1.0285645,-0.25512695,0.19213867,4.1463413,29.72561,129.0244
245,1.1398926,-0.23291016,0.21728516,9.817074,26.189026,113.689026
245,1.1403809,-0.10644531,0.2524414,12.012196,21.371952,77.560974
245,0.9824219,0.016357422,0.27685547,0.73170733,13.079268,48.810978
245,0.94506836,0.041503906,0.3227539,-29.237806,8.506098,16.280489
245,1.1113281,-0.10180664,0.25097656,-60.73171,-11.128049,-53.75
245,0.9741211,-0.3503418,0.33789063,-57.286587,-30.670732,-105.09147
245,0.9597168,-0.4416504,0.4633789,-14.847561,-30.487806,-140.91464
245,0.9440918,-0.2602539,0.45263672,48.292683,-34.298782,-153.32318
245,1.0334473,-0.2253418,0.3864746,66.310974,-40.213417,-147.98781
245,1.074707,-0.12866211,0.34570313,60.762196,-40.762196,-147.01219
245,0.96118164,-0.07373047,0.32128906,2.9268293,-37.835365,-145.76219
245,0.84155273,-0.07714844,0.31982422,-52.2561,-24.87805,-143.32318
245,0.82543945,-0.12866211,0.29614258,-114.451225,-6.3414636,-139.35976
245,0.90063477,-0.3083496,0.21142578,-158.0183,20.121952,-125.64024
245,0.8947754,-0.39038086,0.19140625,-137.89635,22.713415,-115.73171
245,0.9230957,-0.47485352,0.26660156,-110.79269,16.189024,-111.92073
245,0.9104004,-0.625,0.4008789,-64.5122,10.70122,-103.71951
245,0.84936523,-0.6315918,0.41308594,-31.737806,3.0487804,-101.493904
245,0.970459,-0.65283203,0.39501953,-15.304878,-3.445122,-87.926834
245,1.4152832,-0.78515625,0.45092773,7.0731707,-9.756098,-34.237804
245,1.2241211,-0.54174805,0.45898438,13.506098,-7.865854,22.65244
246,0.8527832,-0.2746582,0.43554688,-1.7682927,0.5487805,73.47561
246,1.0092773,-0.35424805,0.37036133,-9.878049,-7.22561,132.40854
246,1.1005859,-0.390625,0.2919922,9.634147,-2.3475611,146.85976
246,1.1540527,-0.4777832,0.21313477,24.908537,-3.8109758,160.18294
246,1.1650391,-0.46020508,0.22607422,69.32927,-8.20122,166.31097
246,1.0861816,-0.3178711,0.26489258,100.243904,-7.1951222,171.9817
246,1.0415039,-0.21264648,0.28173828,105.79269,4.4512196,177.86586
246,1.0344238,-0.15429688,0.2524414,81.310974,18.018293,174.20732
246,1.017334,-0.18945313,0.21923828,49.268295,21.158537,165.82318
246,1.0168457,-0.21948242,0.23925781,26.463415,21.25,153.90244
246,1.0966797,-0.21435547,0.25732422,16.219513,23.292683,137.04268
246,1.1608887,-0.103027344,0.26098633,13.75,25.060976,108.018295
246,1.046875,0.011230469,0.25683594,-5.7317076,22.774391,66.95122
246,0.94628906,-0.014648438,0.28271484,-50.57927,14.237805,16.280489
246,1.0979004,-0.16308594,0.26245117,-74.176834,4.115854,-39.817074
246,1.0410156,-0.39013672,0.29003906,-68.75,-15.945123,-95.45732
246,0.8117676,-0.47314453,0.47021484,-7.5914636,-24.420732,-147.59146
246,0.8330078,-0.37353516,0.4975586,36.67683,-22.865854,-164.78659
246,0.9265137,-0.25854492,0.43579102,60.548782,-26.158537,-161.61586
246,1.0449219,-0.1159668,0.32836914,51.15854,-35.73171,-166.34146
246,1.0529785,-0.07470703,0.29516602,15.518293,-36.798782,-163.56708
246,0.9543457,-0.10449219,0.3100586,-28.323172,-30.70122,-158.2927
246,0.8310547,-0.17895508,0.32641602,-85.243904,-13.231708,-147.62195
246,0.8642578,-0.28979492,0.27661133,-121.28049,6.8292685,-135.76219
246,0.91552734,-0.41992188,0.2446289,-123.65854,18.445122,-116.31098
246,0.98217773,-0.4873047,0.32470703,-81.371956,14.02439,-93.993904
246,0.95288086,-0.4975586,0.4248047,-58.475613,9.72561,-86.46342
246,0.93896484,-0.54907227,0.44604492,-57.317074,6.3414636,-84.756096
246,0.9250488,-0.69921875,0.41845703,-54.45122,4.054878,-79.69512
246,1.0268555,-0.814209,0.3684082,-27.896341,2.6219513,-51.189026
247,1.3398438,-0.8503418,0.32104492,26.707317,-11.79878,-4.1463413
247,1.1159668,-0.47021484,0.3737793,80.45732,-21.554878,53.78049
247,0.8220215,-0.23266602,0.37402344,75.82317,-11.219513,99.60366
247,1.0151367,-0.25170898,0.3310547,56.768295,-6.2195125,132.98781
247,1.1315918,-0.3557129,0.24682617,53.048782,5.0609756,147.59146
247,1.2001953,-0.4423828,0.1977539,63.048782,6.3719516,159.4817
247,1.2224121,-0.4284668,0.2084961,83.44512,7.2865853,167.7744
247,1.1191406,-0.24731445,0.23120117,104.05488,10.6402445,181.49391
247,1.0471191,-0.13696289,0.21801758,84.42073,22.103659,186.03659
247,0.97021484,-0.14257813,0.18579102,45.670734,24.84756,181.58537
247,0.9711914,-0.22973633,0.16430664,7.652439,16.341463,161.40244
247,1.0302734,-0.28442383,0.17089844,-4.8170733,13.689025,138.56708
247,1.0559082,-0.32177734,0.19384766,-6.158537,10.213415,117.835365
247,1.1171875,-0.26171875,0.25219727,10.304878,10.304878,83.96342
247,1.0505371,-0.08862305,0.2446289,19.054878,12.652439,55.70122
247,0.90771484,0.012207031,0.28100586,3.5060976,6.9817076,26.554878
247,1.1330566,-0.028564453,0.29296875,-26.280489,-5.365854,-41.707317
247,1.0554199,-0.28930664,0.34204102,-43.44512,-27.195122,-96.0061
247,0.9328613,-0.4765625,0.4567871,-26.646341,-41.432926,-133.10976
247,0.91308594,-0.34448242,0.53271484,18.506098,-40.213417,-162.98781
247,0.95581055,-0.28588867,0.47875977,37.40854,-42.225613,-158.35367
247,0.9790039,-0.16577148,0.37524414,50.518295,-39.237804,-155.21342
247,0.9345703,-0.06201172,0.2722168,23.719513,-35.85366,-148.93294
247,0.87890625,-0.061279297,0.25268555,-15.060976,-25.518293,-146.09756
247,0.8535156,-0.0769043,0.2529297,-62.19512,-13.04878,-145.97562
247,0.9423828,-0.23706055,0.24145508,-130.24391,9.908537,-140.88416
247,0.9914551,-0.37475586,0.2397461,-146.12805,25.030489,-126.73781
247,1.0441895,-0.4873047,0.2993164,-131.79878,24.17683,-112.86586
247,0.95996094,-0.56811523,0.4326172,-94.7561,15.945123,-105.243904
247,0.9265137,-0.61035156,0.44799805,-75.97561,12.073171,-99.81708
248,0.9433594,-0.69311523,0.42456055,-53.993904,7.7439027,-90.15244
248,1.1599121,-0.81225586,0.34985352,-1.25,-0.36585367,-51.615856
248,1.4187012,-0.79418945,0.32788086,56.798782,-20.335367,-7.3170733
248,1.0654297,-0.50756836,0.36254883,90.94512,-17.774391,41.646343
248,0.8540039,-0.20532227,0.34350586,84.63415,-10.121951,111.34147
248,1.0402832,-0.23828125,0.31079102,62.469513,1.7073171,140.82318
248,1.123291,-0.29785156,0.25219727,55.18293,9.45122,152.2561
248,1.244873,-0.38085938,0.24853516,56.463417,16.25,168.90245
248,1.2070313,-0.3173828,0.2849121,64.81708,18.932928,180.30489
248,1.1152344,-0.22558594,0.2763672,61.40244,22.713415,196.21951
248,1.0073242,-0.16113281,0.24780273,44.115856,24.969513,201.15854
248,1.0332031,-0.20141602,0.24145508,24.32927,24.573172,189.32927
248,1.0478516,-0.20214844,0.2084961,9.969512,25.365854,169.7561
248,0.95092773,-0.12915039,0.21191406,-8.323171,20.792683,128.07927
248,1.0183105,-0.19482422,0.25512695,-13.20122,16.890244,94.847565
248,1.0900879,-0.16186523,0.25170898,-3.5670733,17.469513,63.23171
248,0.9069824,-0.026611328,0.25732422,-3.4756098,10.914635,20.54878
248,1.0668945,-0.084472656,0.2783203,-10.853659,2.4085367,-19.29878
248,1.2265625,-0.18945313,0.25830078,-13.353659,-10.060976,-76.55488
248,0.98535156,-0.40795898,0.3881836,-0.79268295,-40.792683,-127.40854
248,0.94921875,-0.35253906,0.501709,31.006098,-41.371952,-152.92683
248,0.97143555,-0.2770996,0.5029297,53.140244,-44.05488,-153.26219
248,0.9550781,-0.17895508,0.36108398,52.896343,-45.548782,-142.04268
248,0.94018555,-0.09692383,0.2758789,29.695122,-44.115856,-139.63416
248,0.8845215,-0.07763672,0.2512207,-5,-38.567074,-137.5
248,0.78930664,-0.10131836,0.28051758,-47.713417,-26.371952,-136.7683
248,0.8544922,-0.18188477,0.28881836,-90.54878,-12.408537,-137.95732
248,0.93969727,-0.32763672,0.2631836,-123.689026,5.8231707,-130.76219
248,1.013916,-0.47045898,0.2763672,-116.15854,12.134147,-111.82927
248,0.9892578,-0.52124023,0.36816406,-90.60976,6.52439,-100.88415
248,0.91625977,-0.5583496,0.46655273,-63.567074,2.3170733,-88.65854
249,0.93188477,-0.6225586,0.49194336,-30.457317,-5.121951,-73.597565
249,0.9772949,-0.6928711,0.4711914,-8.04878,-7.6219516,-52.286587
249,1.3024902,-0.7573242,0.42407227,31.707317,-12.682927,-14.573171
249,1.3256836,-0.47583008,0.39257813,72.53049,-19.573172,37.530487
249,0.8623047,-0.25097656,0.40185547,67.59147,-2.8658538,82.80488
249,0.95581055,-0.17871094,0.34423828,64.45122,1.4939024,120.03049
249,1.1086426,-0.2668457,0.3034668,64.45122,15,138.26219
249,1.2021484,-0.33618164,0.31713867,83.44512,18.90244,148.75
249,1.2614746,-0.30810547,0.33911133,97.31708,30.640245,164.45122
249,1.0585938,-0.18310547,0.33618164,85.79269,38.414635,186.5244
249,0.95825195,-0.12207031,0.3190918,72.53049,42.378048,193.90245
249,0.9050293,-0.106933594,0.30322266,49.115856,47.65244,186.09756
249,0.9526367,-0.19482422,0.29296875,12.5,56.585365,155.70122
249,0.9572754,-0.23461914,0.24511719,-10.243902,63.323174,125.64024
249,0.99438477,-0.27148438,0.2290039,-32.10366,64.756096,100.09147
249,1.1921387,-0.29248047,0.25073242,-35.518295,66.097565,63.20122
249,1.142334,-0.18969727,0.2602539,-23.810976,63.35366,42.835365
249,1.0043945,-0.068359375,0.2685547,-28.109756,51.585365,21.463415
249,1.015625,-0.03491211,0.22070313,-55.060978,25.030489,-30.914635
249,0.8586426,-0.24707031,0.24414063,-81.52439,-7.9268293,-81.43293
249,0.6826172,-0.46972656,0.39819336,-72.40854,-22.92683,-115.701225
249,0.7116699,-0.3779297,0.45532227,-10.914635,-32.012196,-148.44513
249,0.90966797,-0.31274414,0.37231445,29.786587,-44.69512,-168.07927
249,1.1447754,-0.3161621,0.30981445,77.256096,-53.993904,-193.99391
249,1.0161133,-0.22851563,0.3449707,80.36585,-61.82927,-188.75
249,0.8581543,-0.16625977,0.37475586,27.22561,-54.207317,-173.32318
249,0.77978516,-0.13208008,0.4033203,-28.90244,-46.067074,-160.45732
249,0.8347168,-0.22021484,0.31420898,-116.15854,-18.262196,-138.20122
249,0.8586426,-0.36083984,0.2836914,-136.85976,-0.24390244,-110.335365
249,0.9255371,-0.4338379,0.30664063,-111.493904,0.79268295,-87.40854
249,1.0534668,-0.4946289,0.3696289,-70.243904,-4.512195,-71.98171
250,1.048584,-0.5686035,0.44628906,-40.15244,-9.939025,-75.30488
250,1.0302734,-0.6516113,0.48950195,-4.6951222,-16.341463,-80.426834
250,1.2797852,-0.8161621,0.517334,30.457317,-19.573172,-63.048782
250,1.4926758,-0.79663086,0.5083008,61.067074,-18.841463,-17.34756
250,1.0761719,-0.44140625,0.46899414,73.65854,-8.414635,35.670734
250,0.7780762,-0.22802734,0.45288086,69.05488,2.652439,113.38415
250,1.0510254,-0.3334961,0.39379883,61.615856,15.731708,150.18294
250,1.1691895,-0.41674805,0.2932129,57.896343,31.310976,165.76219
250,1.2644043,-0.43774414,0.24487305,83.62805,31.371952,169.72562
250,1.2592773,-0.27197266,0.23950195,108.84147,36.067074,172.0427
250,1.1320801,-0.1027832,0.18969727,89.29878,52.5,172.40854
250,0.9824219,-0.07885742,0.16870117,8.384147,60.518295,172.16464
250,1.0437012,-0.18139648,0.18261719,-40.42683,54.969513,167.13416
250,1.0541992,-0.2631836,0.18530273,-50.609756,45.823174,156.58537
250,1.0715332,-0.3251953,0.18920898,-30.914635,32.92683,143.04878
250,1.168457,-0.26342773,0.21191406,0.88414633,27.37805,124.60366
250,1.0976563,-0.09667969,0.21777344,25.243902,21.463415,92.19512
250,0.8798828,0.07421875,0.24291992,14.146341,11.95122,45.914635
250,0.967041,0.056152344,0.25610352,-10.304878,1.1280488,-0.8231708
250,1.0668945,-0.08666992,0.25048828,-34.542683,-15.762196,-71.006096
250,0.9460449,-0.4387207,0.39697266,-26.646341,-39.664635,-139.90854
250,0.9321289,-0.3293457,0.4580078,4.3292685,-38.384148,-176.46342
250,1.0095215,-0.22875977,0.42407227,22.713415,-48.170734,-184.0244
250,1.1027832,-0.23999023,0.35888672,42.34756,-54.786587,-187.31708
250,1.036377,-0.20532227,0.3466797,36.615856,-58.048782,-183.65854
250,0.939209,-0.18798828,0.35839844,0.21341464,-49.268295,-171.25
250,0.8190918,-0.1616211,0.36010742,-48.44512,-31.006098,-159.17683
250,0.8547363,-0.1875,0.31225586,-92.5,-15.182927,-150.64024
250,0.93359375,-0.3034668,0.28125,-125.27439,0.6097561,-135.7317
250,1.0273438,-0.46044922,0.37597656,-108.75,5.396342,-109.176834
251,0.98828125,-0.49145508,0.4387207,-92.621956,4.9695125,-93.78049
251,0.97875977,-0.5583496,0.46875,-87.40854,5.9451222,-79.664635
251,0.93115234,-0.64208984,0.47509766,-60.48781,5.487805,-61.52439
251,1.1484375,-0.74121094,0.42993164,-26.463415,2.0731707,-31.25
251,1.5161133,-0.7661133,0.41064453,19.268293,-8.902439,9.329268
251,0.9580078,-0.45117188,0.4104004,54.085365,-6.158537,60
251,0.8244629,-0.30493164,0.3774414,68.75,-4.72561,109.939026
251,1.0302734,-0.30981445,0.31323242,74.81708,-3.5365853,143.87195
251,1.1035156,-0.3713379,0.22387695,88.53659,4.8170733,162.98781
251,1.1940918,-0.3935547,0.20483398,105.121956,8.353659,168.07927
251,1.1777344,-0.25024414,0.23120117,113.07927,18.170732,171.82927
251,1.0112305,-0.13085938,0.2006836,69.69512,35.640244,176.40245
251,0.97436523,-0.1508789,0.17822266,23.170732,37.22561,175.45732
251,1.0087891,-0.24609375,0.16699219,-1.0670732,30.030489,163.26219
251,1.1010742,-0.32617188,0.19897461,6.920732,20.274391,142.28659
251,1.1162109,-0.28857422,0.19750977,19.634148,20.97561,126.676834
251,1.1665039,-0.22314453,0.23779297,23.445122,20.42683,107.19512
251,1.1916504,-0.025146484,0.2644043,19.817074,20.121952,72.347565
251,1.0039063,0.12792969,0.28588867,-5.487805,11.707317,50.396343
251,1.0883789,0.1652832,0.25073242,-38.44512,2.987805,15.27439
251,1.0280762,-0.12475586,0.26245117,-69.20732,-27.5,-64.14634
251,0.9370117,-0.41870117,0.42041016,-39.085365,-40.091465,-107.04269
251,0.93359375,-0.3449707,0.4765625,10.884147,-30.792685,-136.9817
251,0.9597168,-0.25610352,0.37695313,40.97561,-39.207317,-140.12195
251,1.0036621,-0.16674805,0.3161621,45.762196,-44.725613,-153.53659
251,0.9592285,-0.10961914,0.30004883,29.45122,-48.62805,-162.31708
251,0.9050293,-0.13354492,0.31762695,-10.945122,-44.17683,-166.58537
251,0.857666,-0.18945313,0.35668945,-47.012196,-32.743904,-169.51219
251,0.89160156,-0.25732422,0.3244629,-88.2622,-10.335366,-163.26219
251,0.9753418,-0.3659668,0.34277344,-101.85976,5.8231707,-142.95732
251,0.97802734,-0.40356445,0.41870117,-90.67073,3.2012196,-129.2683
252,1.0253906,-0.4699707,0.42871094,-96.61585,6.8597565,-115.79269
252,1.036377,-0.6140137,0.42236328,-97.31708,11.646341,-93.62805
252,0.97802734,-0.6904297,0.39770508,-69.42073,11.158537,-66.03659
252,1.2165527,-0.7434082,0.3486328,-17.012196,1.5853659,-23.59756
252,1.3706055,-0.59350586,0.37548828,45.15244,-16.341463,26.737806
252,0.97314453,-0.37817383,0.3828125,51.341465,-4.72561,72.560974
252,0.86621094,-0.27441406,0.32739258,38.414635,0.57926834,111.371956
252,1.1064453,-0.2980957,0.27172852,37.2561,7.378049,140.57927
252,1.1362305,-0.37524414,0.2626953,55.03049,8.567074,151.58537
252,1.1828613,-0.38378906,0.25439453,78.71951,10.792684,164.05489
252,1.0979004,-0.27124023,0.25146484,94.35976,13.231708,176.85976
252,1.0075684,-0.17285156,0.23876953,87.439026,18.780489,181.85976
252,0.94873047,-0.13208008,0.22924805,61.067074,27.042683,177.68294
252,0.93115234,-0.22094727,0.1821289,24.72561,25.853659,163.84146
252,0.9682617,-0.2734375,0.1796875,13.262196,19.969513,142.2561
252,1.0180664,-0.30395508,0.20898438,19.390244,13.1707325,120.39635
252,1.1191406,-0.24487305,0.2644043,42.378048,11.371951,87.59147
252,1.1916504,-0.15551758,0.2631836,43.23171,14.359756,58.414635
252,1.0517578,-0.015625,0.23120117,18.567074,11.52439,34.57317
252,1.0466309,0.071777344,0.23144531,-31.189026,3.8109758,-6.0365853
252,1.1933594,-0.08984375,0.21508789,-59.69512,-11.646341,-58.109756
252,0.9953613,-0.32202148,0.3190918,-57.65244,-29.29878,-108.44512
252,0.89697266,-0.33764648,0.43188477,-20.54878,-30.335367,-139.32927
252,0.89624023,-0.27661133,0.41186523,2.0731707,-34.45122,-145.64024
252,0.9838867,-0.2553711,0.3569336,19.786587,-40.70122,-147.68294
252,0.986084,-0.18066406,0.29711914,23.292683,-45.548782,-155.42683
252,0.9111328,-0.18139648,0.27294922,6.097561,-46.98171,-150.67073
252,0.8312988,-0.18432617,0.30810547,-9.115854,-39.634148,-148.59756
252,0.8979492,-0.20019531,0.30908203,-47.92683,-23.04878,-144.57318
252,0.9411621,-0.25341797,0.27539063,-80.21342,-5.182927,-137.22562
252,0.97802734,-0.30297852,0.26782227,-96.15854,-0.8231708,-125.48781
253,1.0258789,-0.4074707,0.38012695,-98.32317,-3.780488,-112.53049
253,1,-0.5241699,0.50341797,-85.914635,-7.7439027,-104.87805
253,0.953125,-0.59350586,0.5209961,-71.70732,-4.115854,-92.37805
253,1.0234375,-0.68774414,0.4387207,-52.469513,0.15243903,-57.164635
253,1.3359375,-0.8286133,0.42382813,-4.542683,-6.0365853,-15.396342
253,1.2241211,-0.64501953,0.41430664,54.45122,-15.6707325,31.25
253,0.8652344,-0.28051758,0.37548828,80.94512,-0.09146342,103.993904
253,1.1130371,-0.20532227,0.31152344,73.44512,12.469513,144.90854
253,1.1845703,-0.24023438,0.24975586,67.07317,22.713415,153.75
253,1.2548828,-0.34570313,0.2680664,77.743904,30.304878,166.28049
253,1.1699219,-0.32958984,0.29663086,81.55488,38.07927,175.7317
253,1.0874023,-0.2529297,0.3034668,76.768295,37.957317,189.4817
253,1.0629883,-0.17626953,0.27563477,52.2561,46.463417,194.2683
253,1.0861816,-0.22753906,0.24414063,28.841465,45.213417,186.85976
253,1.1118164,-0.24536133,0.20410156,18.323172,42.77439,173.2927
253,1.0771484,-0.22949219,0.14648438,-1.4939024,39.634148,148.62805
253,1.1154785,-0.19335938,0.15307617,-9.695122,34.969513,125.09147
253,1.2067871,-0.122802734,0.13476563,-14.085366,32.5,92.07317
253,1.0334473,-0.026611328,0.10131836,-48.23171,25.487806,61.189026
253,0.89819336,0.04345703,0.1508789,-77.37805,12.957317,31.036587
253,1.027832,-0.005615234,0.19921875,-87.22561,-12.286586,-27.774391
253,0.92407227,-0.5217285,0.35107422,-64.756096,-36.798782,-116.06708
253,0.85009766,-0.54174805,0.5041504,9.695122,-39.02439,-160.60976
253,0.8334961,-0.35375977,0.5517578,93.23171,-42.530487,-184.32927
253,1.0632324,-0.24682617,0.45385742,136.21951,-64.35976,-176.70732
253,1.0932617,-0.020019531,0.39892578,110.39635,-71.85976,-177.37805
253,1.0595703,0.111083984,0.3630371,19.634148,-67.37805,-176.25
253,0.9416504,-7.32E-04,0.33251953,-71.43293,-35.182926,-177.80489
253,0.9604492,-0.07470703,0.26586914,-131.03659,-14.45122,-176.06708
253,1.0620117,-0.3005371,0.17871094,-192.62195,10.487805,-161.40244
253,1.0622559,-0.5913086,0.20507813,-180.2744,29.146341,-122.0122
254,0.9614258,-0.6201172,0.33251953,-131.79878,22.408537,-97.22561
254,0.83862305,-0.5673828,0.44799805,-89.268295,18.62805,-78.414635
254,0.8845215,-0.62841797,0.4177246,-62.042683,7.1036587,-70.82317
254,0.9675293,-0.7006836,0.3942871,-43.536587,5.152439,-56.341465
254,1.2888184,-0.79711914,0.34326172,-15.060976,0.51829267,-24.17683
254,1.3615723,-0.7224121,0.3251953,51.067074,-22.286587,27.042683
254,0.90234375,-0.41186523,0.35668945,86.493904,-15.823171,79.02439
254,0.9453125,-0.21704102,0.31958008,98.2622,-16.310976,130.94513
254,1.1533203,-0.18188477,0.24682617,98.90244,2.7743902,163.56708
254,1.2055664,-0.25610352,0.24902344,100.97561,5.4268293,172.22562
254,1.2304688,-0.28588867,0.29296875,103.84147,18.62805,184.14635
254,1.0998535,-0.21728516,0.31884766,89.05488,27.743902,194.2683
254,1.0200195,-0.17700195,0.31933594,67.40854,34.390244,196.09756
254,0.9824219,-0.16894531,0.29516602,36.920734,40.609756,189.42073
254,0.9555664,-0.20947266,0.2055664,6.890244,36.128048,169.17683
254,0.92822266,-0.22021484,0.19824219,0.9756098,28.963415,144.14635
254,0.9309082,-0.19482422,0.22607422,6.006098,22.835367,114.63415
254,1.050293,-0.15966797,0.27490234,12.865854,22.896341,66.06708
254,1.083252,-0.0925293,0.2841797,2.8048782,26.737806,33.018295
254,0.9111328,-0.014892578,0.3232422,-23.445122,29.573172,6.52439
254,1.1086426,0.004638672,0.21557617,-74.756096,26.646341,-59.817074
254,1.1015625,-0.2783203,0.26464844,-102.439026,2.5304878,-114.14635
254,1.0036621,-0.46850586,0.40844727,-78.47561,-7.5914636,-147.13416
254,1.001709,-0.34448242,0.51831055,-26.95122,-16.646341,-175.21342
254,1.0625,-0.32543945,0.4934082,-1.4634147,-23.109756,-166.25
254,1.0251465,-0.25097656,0.40527344,26.006098,-27.012196,-162.0427
254,0.87524414,-0.1652832,0.2668457,30.640245,-24.969513,-148.81097
254,0.779541,-0.123535156,0.20703125,8.75,-21.707317,-141.64635
254,0.8366699,-0.11694336,0.19873047,-32.560978,-14.45122,-144.14635
254,1.0371094,-0.31323242,0.23852539,-78.47561,0.18292683,-148.10976
255,1.0734863,-0.43481445,0.28442383,-78.84147,8.567074,-135.2744
255,1.0146484,-0.48608398,0.3701172,-69.29878,6.615854,-120.18293
255,0.93530273,-0.5397949,0.4880371,-63.689026,0.57926834,-103.81098
255,0.9291992,-0.6591797,0.51293945,-50.27439,-3.3841465,-93.65854
255,0.91064453,-0.74243164,0.4892578,-25.091463,-4.1463413,-70.39634
255,1.2893066,-0.78808594,0.39624023,29.268293,-11.52439,-15.914635
255,1.4301758,-0.5983887,0.37841797,63.689026,-25.335367,17.713415
255,0.8942871,-0.36450195,0.4008789,65.335365,-2.1646342,60.518295
255,1.0705566,-0.25732422,0.32983398,57.83537,6.7073174,119.5122
255,1.1374512,-0.24267578,0.28881836,56.0061,18.506098,133.26219
255,1.1508789,-0.31298828,0.2631836,64.48171,19.17683,146.18903
255,1.1777344,-0.3095703,0.3100586,82.560974,30.365854,171.31097
255,1.0905762,-0.22509766,0.31762695,78.10976,35.243904,186.46342
255,1.0412598,-0.15991211,0.29760742,56.55488,42.743904,199.57318
255,1.0437012,-0.17016602,0.26367188,19.939024,44.817074,199.14635
255,1.0737305,-0.21557617,0.21728516,1.1890244,40.70122,188.07927
255,1.0737305,-0.23706055,0.1784668,-10.091464,36.615856,167.65245
255,1.0056152,-0.18432617,0.14550781,-15.945123,29.237806,129.14635
255,1.0527344,-0.2019043,0.13183594,-7.3170733,23.292683,98.17073
255,1.0639648,-0.103271484,0.1340332,6.52439,18.932928,59.7561
255,0.91137695,0.046142578,0.19580078,0.6402439,5.2134147,10.70122
255,1.0593262,-0.016845703,0.20947266,-15.030488,-11.280488,-51.493904
255,1.0031738,-0.28076172,0.2705078,-32.560978,-37.65244,-109.60366
255,0.89624023,-0.4038086,0.4868164,-14.847561,-57.743904,-158.10976
255,0.9868164,-0.36865234,0.59228516,21.615854,-62.957317,-177.07318
255,1.1186523,-0.2763672,0.5307617,56.890244,-63.62805,-172.62195
255,1.1018066,-0.12817383,0.32421875,74.14635,-68.38415,-170.76219
255,0.9748535,-0.045410156,0.2944336,40.762196,-60.518295,-157.65244
255,0.8688965,-0.024658203,0.34155273,-17.256098,-47.134148,-148.71951
255,0.829834,-0.08691406,0.3540039,-92.347565,-21.981709,-142.53049
256,0.9538574,-0.27001953,0.32470703,-130.88416,-3.902439,-132.43903
256,0.9995117,-0.4309082,0.3930664,-123.17074,8.1402445,-112.0122
256,0.88916016,-0.46875,0.48291016,-95.518295,10.823171,-87.439026
256,0.84472656,-0.49926758,0.4567871,-88.07927,12.743903,-74.085365
256,0.86694336,-0.5966797,0.4326172,-69.87805,9.573171,-65.7622
256,0.92749023,-0.670166,0.3935547,-15.365854,4.085366,-38.75
256,1.1889648,-0.6972656,0.36401367,31.493904,-3.902439,-7.042683
256,1.4555664,-0.59716797,0.39575195,64.90854,-13.506098,26.493902
256,0.99243164,-0.35009766,0.38745117,57.5,5.365854,79.05488
256,1.1108398,-0.27905273,0.3466797,56.768295,7.7439027,119.39024
256,1.2109375,-0.25610352,0.3305664,59.69512,15.884147,141.21951
256,1.2453613,-0.2824707,0.26513672,62.012196,23.780489,161.15854
256,1.2236328,-0.29736328,0.25805664,60.70122,30.15244,170.64024
256,1.1264648,-0.21655273,0.25512695,60.73171,34.512196,184.7561
256,0.91259766,-0.119628906,0.21972656,38.65854,37.957317,194.84756
256,0.9020996,-0.14892578,0.22851563,17.5,34.17683,193.56708
256,1.0168457,-0.20141602,0.22485352,6.7987804,31.463415,180.09146
256,1.0512695,-0.20336914,0.21850586,1.0670732,28.932928,156.09756
256,1.0522461,-0.16259766,0.20825195,-0.18292683,26.371952,127.86586
256,1.0957031,-0.14135742,0.1928711,-3.2317073,23.536587,94.14635
256,0.99609375,-0.13964844,0.1809082,-7.7439027,17.713415,38.140244
256,0.873291,-0.15405273,0.23583984,-7.6219516,8.963415,-5.8231707
256,1.0270996,-0.20288086,0.234375,-13.109756,0.73170733,-60.548782
256,0.8796387,-0.30859375,0.2121582,-34.969513,-21.737806,-137.53049
256,0.8293457,-0.38427734,0.30615234,-37.469513,-44.634148,-178.04878
256,0.9460449,-0.3930664,0.44995117,-15.304878,-55.70122,-206.95122
256,1.1340332,-0.37573242,0.51220703,31.981709,-58.140244,-209.84756
256,1.1745605,-0.32055664,0.38671875,61.067074,-57.10366,-195.91464
256,1.0852051,-0.24609375,0.25805664,63.871952,-60.121952,-176.61586
256,0.86083984,-0.14404297,0.27319336,39.390244,-56.920734,-145.97562
256,0.7529297,-0.055664063,0.3305664,2.042683,-45.060978,-121.61586
257,0.7722168,-0.09448242,0.3359375,-49.48171,-27.22561,-102.2561
257,0.87646484,-0.23388672,0.31445313,-85.36585,-9.420732,-70
257,0.9470215,-0.26708984,0.3408203,-96.189026,-8.109756,-54.359756
257,0.9543457,-0.39208984,0.41186523,-105.88415,-7.1951222,-44.237804
257,0.90234375,-0.564209,0.5004883,-88.17073,-4.1768293,-36.920734
257,0.84936523,-0.64282227,0.49902344,-56.341465,-6.25,-32.682926
257,0.95654297,-0.6784668,0.47558594,-19.72561,-6.4939027,-19.84756
257,1.5095215,-0.71533203,0.49560547,58.62805,-13.018293,13.719513
257,1.2033691,-0.46289063,0.4584961,74.939026,-5.2134147,44.05488
257,0.9855957,-0.27978516,0.39575195,80.7622,17.164635,105.7622
257,1.2368164,-0.16455078,0.29296875,91.03659,27.195122,155.2744
257,1.2805176,-0.23828125,0.23876953,95.54878,39.420734,171.31097
257,1.3618164,-0.2788086,0.25952148,109.29878,43.323174,173.38416
257,1.1669922,-0.18115234,0.27319336,81.89024,60.73171,171.82927
257,1.0097656,-0.13598633,0.26391602,39.298782,67.256096,177.80489
257,0.9458008,-0.14135742,0.2512207,-4.1768293,69.11585,176.85976
257,0.9370117,-0.22192383,0.20214844,-31.341465,57.591465,162.65244
257,0.92211914,-0.25048828,0.17822266,-35.030487,46.09756,144.0244
257,0.9091797,-0.20092773,0.16772461,-30.670732,36.737804,117.40854
257,1.0432129,-0.18969727,0.21313477,-19.542683,27.865854,72.13415
257,1.111084,-0.115234375,0.18115234,-9.847561,26.646341,39.32927
257,0.9536133,0.011962891,0.18237305,-15.518293,17.439024,11.737805
257,1.1079102,0.010253906,0.16625977,-33.262196,0.030487806,-42.77439
257,1.0803223,-0.17089844,0.20141602,-43.44512,-22.164635,-102.40854
257,1.012207,-0.46533203,0.34545898,-27.774391,-42.743904,-144.57318
257,1.0268555,-0.36865234,0.4741211,32.042683,-40.914635,-179.0244
257,1.0471191,-0.25048828,0.39575195,60.243904,-55.487804,-175.18294
257,1.1013184,-0.2241211,0.31933594,75.335365,-61.890244,-179.57318
257,1.0524902,-0.16259766,0.34472656,49.48171,-66.52439,-168.90245
257,0.9194336,-0.12231445,0.37768555,0.42682928,-54.634148,-152.74391
257,0.79345703,-0.072265625,0.3696289,-52.896343,-37.77439,-143.56708
258,0.8796387,-0.2019043,0.2927246,-127.164635,-11.25,-130.7317
258,0.96875,-0.33984375,0.2763672,-129.08537,3.323171,-113.96342
258,1.0454102,-0.41088867,0.34838867,-109.42073,1.5853659,-97.04269
258,0.9470215,-0.46044922,0.45532227,-99.48171,1.6768293,-82.86585
258,0.9460449,-0.56591797,0.4650879,-87.37805,0.45731708,-76.64635
258,0.92822266,-0.6140137,0.43920898,-62.469513,0,-69.57317
258,1.1115723,-0.685791,0.4267578,-24.359756,-1.4024391,-36.036587
258,1.3562012,-0.67041016,0.46484375,2.1036587,-5.0914636,4.1463413
258,1.0334473,-0.4645996,0.4658203,-8.658537,2.3170733,40
258,1.0041504,-0.38232422,0.38598633,-11.676829,4.756098,106.70732
258,1.1940918,-0.36889648,0.31762695,14.4207325,3.9634147,135.09146
258,1.1992188,-0.39672852,0.25830078,46.12805,6.432927,155.94513
258,1.2258301,-0.40014648,0.25341797,85.48781,7.896342,177.5
258,1.1362305,-0.25708008,0.2607422,111.85976,10.6402445,187.59146
258,1.0168457,-0.14404297,0.23730469,102.95732,21.036587,194.20732
258,0.9555664,-0.109375,0.25756836,68.96342,27.469513,193.44513
258,1.0383301,-0.18139648,0.2849121,34.45122,35.670734,179.05489
258,1.1047363,-0.25463867,0.26489258,6.7987804,42.5,159.32927
258,1.1577148,-0.19873047,0.23120117,-10.54878,43.384148,132.13416
258,1.1416016,-0.061767578,0.24951172,-12.835366,41.219513,100.21342
258,1.0778809,0.010253906,0.25512695,-22.103659,40.457317,66.15854
258,0.96313477,-0.059326172,0.3034668,-47.2561,34.359756,19.72561
258,1.168457,-0.22753906,0.26879883,-57.469513,21.67683,-30.121952
258,0.9445801,-0.35888672,0.31713867,-48.140244,-6.768293,-90.914635
258,0.80493164,-0.40771484,0.49780273,-3.8719513,-29.17683,-147.04268
258,0.85595703,-0.3149414,0.50512695,28.20122,-34.786587,-164.39024
258,0.9580078,-0.21850586,0.41088867,40.884148,-43.35366,-165.91464
258,1.0024414,-0.16235352,0.33325195,40.15244,-52.40854,-175.67073
258,0.920166,-0.13549805,0.32617188,21.82927,-48.07927,-169.90854
258,0.8117676,-0.14477539,0.34887695,-7.9573174,-37.40854,-164.7561
259,0.7956543,-0.17382813,0.35668945,-47.987804,-20.396341,-162.01219
259,0.8859863,-0.25976563,0.30395508,-85.09147,-5.304878,-158.14024
259,0.99487305,-0.3803711,0.3413086,-100.36585,3.140244,-147.86586
259,0.9921875,-0.5385742,0.4560547,-81.15854,2.195122,-130.15244
259,0.9682617,-0.64819336,0.47851563,-60.85366,2.5304878,-108.75
259,0.9890137,-0.7092285,0.46118164,-35.15244,1.097561,-77.0122
259,0.98828125,-0.6437988,0.44677734,6.432927,-5.4268293,-21.646341
259,1.2729492,-0.6140137,0.43823242,25.945122,-11.219513,17.22561
259,1.4182129,-0.5625,0.46435547,27.682928,-11.493903,47.896343
259,0.8901367,-0.44018555,0.39526367,18.963415,5.8536587,89.90854
259,1.1015625,-0.39746094,0.3330078,29.756098,6.554878,130.7317
259,1.1967773,-0.38012695,0.29907227,55.73171,9.3902445,146.15854
259,1.2280273,-0.33813477,0.25756836,90.97561,15.762196,168.35367
259,1.1616211,-0.25854492,0.2541504,102.59147,20.457317,182.65245
259,1.0661621,-0.1574707,0.25805664,93.871956,30.396341,192.95732
259,1.0380859,-0.0793457,0.22094727,51.036587,44.115856,200.85367
259,1.0195313,-0.12890625,0.20532227,4.359756,43.384148,193.81097
259,1.0166016,-0.23217773,0.21728516,-20.609756,35.365856,178.0183
259,0.9975586,-0.3010254,0.24047852,-16.341463,27.012196,149.57318
259,1.0246582,-0.2487793,0.26000977,2.835366,24.72561,124.81708
259,1.065918,-0.17871094,0.26831055,17.042683,23.20122,87.5
259,0.93969727,-0.08886719,0.29492188,11.676829,15.792684,40.670734
259,0.9304199,-0.08227539,0.33569336,-0.30487806,8.47561,7.6219516
259,1.0791016,-0.1640625,0.28857422,-16.432928,-8.597561,-43.170734
259,0.8742676,-0.3244629,0.37158203,-27.469513,-42.19512,-116.92074
259,0.91015625,-0.40185547,0.45996094,-14.603659,-54.817074,-158.07927
259,0.94384766,-0.29541016,0.5090332,5.7317076,-61.707317,-181.9817
259,1.1113281,-0.25683594,0.45947266,19.115854,-66.92073,-188.87195
259,1.0810547,-0.22094727,0.41088867,32.22561,-62.40854,-187.89635
259,0.92163086,-0.17504883,0.37573242,22.896341,-51.40244,-171.61586
259,0.7595215,-0.11401367,0.3227539,-13.079268,-32.92683,-147.92683
260,0.8491211,-0.12109375,0.30786133,-53.689026,-17.743902,-144.39024
260,0.9370117,-0.22558594,0.2841797,-94.90854,-0.51829267,-134.57318
260,0.95825195,-0.32592773,0.27539063,-122.621956,15.457317,-107.53049
260,0.9807129,-0.3869629,0.3046875,-125.36586,16.493902,-89.02439
260,1.0375977,-0.48583984,0.4189453,-114.35976,11.79878,-79.20732
260,0.9572754,-0.60253906,0.44555664,-90.97561,8.018292,-79.90854
260,0.9929199,-0.70288086,0.42651367,-70.27439,5.7317076,-76.03659
260,1.1950684,-0.83325195,0.40844727,-26.707317,0.18292683,-54.634148
260,1.284668,-0.78564453,0.42089844,55.94512,-15.518293,8.597561
260,0.9226074,-0.43481445,0.42456055,93.17073,-13.628049,64.756096
260,0.9355469,-0.21435547,0.3984375,89.664635,-7.256098,121.64635
260,1.1184082,-0.23071289,0.29956055,65.70122,11.676829,155.09146
260,1.1296387,-0.32299805,0.22290039,55.609756,16.79878,167.86586
260,1.1547852,-0.40234375,0.22045898,66.25,15.457317,171.15854
260,1.0852051,-0.26513672,0.25610352,91.79878,15.060976,179.93903
260,1.0319824,-0.16040039,0.25097656,77.621956,26.646341,185.88416
260,1.0219727,-0.13964844,0.23486328,39.90854,32.957317,183.32318
260,1.0476074,-0.20361328,0.203125,-3.1707318,27.073172,170.85367
260,1.0563965,-0.26000977,0.20385742,-17.042683,22.65244,153.17073
260,1.060791,-0.3071289,0.23071289,-11.371951,18.47561,136.31097
260,1.1381836,-0.17822266,0.2685547,18.810976,19.115854,101.25
260,1.0292969,-0.08081055,0.27319336,22.804878,15.823171,67.19512
260,0.9016113,-0.07373047,0.33862305,13.231708,8.902439,36.189026
260,1.1113281,-0.14331055,0.30151367,-4.9695125,-1.1585367,-25.487806
260,0.8947754,-0.24682617,0.32836914,-24.085367,-24.756098,-79.48171
260,0.78686523,-0.37524414,0.4482422,-23.292683,-43.170734,-114.11586
260,0.86450195,-0.2836914,0.4963379,8.384147,-41.798782,-148.26219
260,0.9152832,-0.22143555,0.42333984,19.908537,-46.798782,-150.54878
260,0.9794922,-0.19140625,0.35302734,21.95122,-45.15244,-158.78049
260,0.9433594,-0.15307617,0.31298828,4.664634,-36.067074,-157.22562
260,0.8288574,-0.14453125,0.30737305,-23.018293,-26.158537,-147.56097
261,0.7614746,-0.14550781,0.32250977,-56.463417,-16.219513,-142.43903
261,0.91015625,-0.27978516,0.3244629,-99.14635,-2.7134147,-136.5244
261,0.9589844,-0.35375977,0.3232422,-104.7561,4.5731707,-124.81708
261,0.92822266,-0.42456055,0.35107422,-94.60366,4.756098,-112.13415
261,0.98583984,-0.48388672,0.39086914,-68.23171,2.1646342,-95.60976
261,1.0725098,-0.53686523,0.40625,-58.018295,-1.5243902,-84.39024
261,1.0786133,-0.57055664,0.4321289,-46.920734,-1.4024391,-67.5
261,1.3986816,-0.6472168,0.43188477,-28.567074,-6.25,-33.5061
261,1.3364258,-0.60961914,0.4477539,-12.621951,-8.719512,-4.4817076
261,0.857666,-0.44970703,0.4152832,-2.9268293,-2.8658538,32.65244
261,0.88720703,-0.3930664,0.34936523,28.445122,-8.567074,90.73171
261,0.9916992,-0.3466797,0.26586914,58.475613,-2.5914636,114.42074
261,1.0419922,-0.3359375,0.1953125,79.96951,-0.06097561,132.10367
261,1.1437988,-0.2409668,0.2043457,99.11585,6.920732,142.68294
261,1.046875,-0.115722656,0.22485352,85.15244,15.6402445,153.87195
261,0.8798828,-0.08569336,0.22460938,44.05488,21.920732,162.7744
261,0.9194336,-0.16967773,0.22021484,-4.054878,19.664635,162.19513
261,0.9536133,-0.25390625,0.2163086,-13.47561,16.859756,150.88416
261,1.019043,-0.27734375,0.2175293,-8.780488,14.3902445,136.06708
261,1.0424805,-0.23632813,0.23168945,8.810976,16.585365,109.451225
261,1.0974121,-0.15698242,0.24536133,16.768293,17.560976,81.28049
261,0.98583984,-0.088378906,0.28051758,12.042684,14.756098,45.27439
261,0.90527344,-0.11303711,0.3581543,0.45731708,7.0731707,1.890244
261,1.1618652,-0.21972656,0.32739258,-12.439025,-1.9207318,-49.7561
261,0.9987793,-0.34936523,0.37646484,-11.097561,-23.658537,-99.39024
261,0.83374023,-0.39453125,0.54174805,27.591465,-40.518295,-135
261,0.94628906,-0.28320313,0.5136719,64.35976,-40.70122,-138.07927
261,1.0549316,-0.17480469,0.42041016,76.189026,-40.121952,-128.75
261,0.982666,-0.06201172,0.32910156,40.213417,-30.15244,-111.768295
261,0.8498535,-0.032958984,0.33740234,-6.4939027,-16.341463,-99.87805
262,0.6882324,-0.057861328,0.36254883,-49.542683,-6.6768293,-89.268295
262,0.6755371,-0.18457031,0.33374023,-103.53659,13.353659,-80.15244
262,0.7368164,-0.28588867,0.29663086,-114.81708,23.719513,-72.621956
262,0.7902832,-0.34057617,0.3125,-99.939026,23.414635,-65.426834
262,0.8161621,-0.41577148,0.40234375,-66.82927,18.018293,-65.97561
262,0.8156738,-0.42211914,0.44799805,-46.95122,13.20122,-67.86585
262,0.86621094,-0.45288086,0.46020508,-36.768295,4.359756,-71.493904
262,1.0197754,-0.52246094,0.4790039,-19.939024,-5.640244,-71.03659
262,1.4260254,-0.6323242,0.47460938,1.4634147,-14.634147,-53.78049
262,1.3720703,-0.5908203,0.50219727,25.365854,-17.987804,-25.70122
262,0.81762695,-0.38012695,0.4309082,41.52439,-6.8597565,35.365856
262,0.96972656,-0.2746582,0.3659668,56.646343,-10.914635,81.189026
262,1.0148926,-0.27294922,0.28955078,65.30488,-2.957317,105.39635
262,1.0563965,-0.31689453,0.25512695,71.03659,3.323171,126.43293
262,1.067627,-0.22192383,0.25561523,76.70732,10.335366,138.26219
262,0.8984375,-0.12841797,0.2578125,58.871952,17.621952,150.7317
262,0.8149414,-0.11352539,0.2722168,11.036586,21.40244,165.36586
262,0.8676758,-0.17504883,0.25390625,-12.591464,19.32927,163.90244
262,0.8508301,-0.234375,0.23632813,-18.323172,13.292684,152.92683
262,0.83618164,-0.24243164,0.25561523,-5.4573174,6.006098,120.45732
262,0.8630371,-0.2607422,0.28027344,10.762196,3.628049,87.926834
262,1.0119629,-0.31567383,0.32421875,24.756098,4.847561,54.146343
262,1.0300293,-0.27026367,0.36132813,43.841465,8.323171,10.54878
262,1.0544434,-0.21264648,0.3696289,43.780487,2.378049,-15.70122
262,1.2663574,-0.21435547,0.36279297,27.804878,-8.231708,-62.896343
262,0.97680664,-0.26733398,0.4909668,-2.7439024,-38.90244,-108.32317
262,0.8598633,-0.24829102,0.54345703,-9.847561,-37.134148,-115.88415
262,0.96313477,-0.17651367,0.48510742,-9.420732,-32.378048,-112.926834
262,0.9904785,-0.17358398,0.32788086,-18.384148,-20.853659,-96.189026
262,0.9189453,-0.17919922,0.26391602,-19.024391,-14.115854,-86.70732
262,0.79248047,-0.16259766,0.26757813,-19.359756,-9.72561,-80.57927
263,0.61279297,-0.15991211,0.3173828,-41.09756,-6.9817076,-76.493904
263,0.63916016,-0.21801758,0.2902832,-70.70122,5.030488,-79.5122
263,0.6726074,-0.28833008,0.24560547,-81.46342,14.207317,-81.15854
263,0.76049805,-0.33935547,0.25732422,-65.121956,11.371951,-82.926834
263,0.85375977,-0.4296875,0.33740234,-45.914635,5.7317076,-89.11585
263,0.88061523,-0.47558594,0.42333984,-30.335367,-1.7378049,-91.82927
263,0.97802734,-0.47631836,0.45532227,-40.365856,-10.457317,-88.90244
263,1.052002,-0.546875,0.44140625,-42.682926,-13.536586,-77.19512
263,1.2312012,-0.6652832,0.44482422,-8.75,-18.810976,-52.77439
263,1.4018555,-0.657959,0.4958496,38.567074,-20.457317,-2.682927
263,0.90649414,-0.46118164,0.4716797,40.548782,-9.45122,38.20122
263,0.90234375,-0.3959961,0.44726563,52.77439,-3.262195,87.71342
263,1.0983887,-0.36328125,0.3557129,70.82317,6.8597565,117.347565
263,1.0578613,-0.37573242,0.2692871,80.57927,13.47561,125.48781
263,1.1008301,-0.3486328,0.23828125,94.96951,15.945123,131.40244
263,1.0107422,-0.17700195,0.23999023,94.63415,26.82927,138.96342
263,0.875,-0.061035156,0.20092773,53.719513,42.2561,148.5061
263,0.8322754,-0.0871582,0.17993164,-1.0060976,43.170734,149.78659
263,0.93408203,-0.24633789,0.1862793,-27.65244,31.981709,136.89024
263,0.9782715,-0.28735352,0.20263672,-21.219513,29.45122,122.347565
263,0.97436523,-0.2680664,0.22338867,-8.658537,26.189026,105.335365
263,1.1523438,-0.21899414,0.25732422,9.420732,23.963415,67.98781
263,1.1064453,-0.12426758,0.2770996,11.585366,21.158537,35.57927
263,0.9807129,-0.059570313,0.3173828,0.27439025,13.1402445,9.420732
263,1.2548828,-0.18798828,0.30029297,-20.487804,-5.335366,-51.67683
263,1.0129395,-0.33496094,0.41723633,-15.945123,-30.396341,-96.61585
263,0.8046875,-0.35595703,0.52783203,11.463415,-39.298782,-117.59147
263,0.9165039,-0.22607422,0.453125,41.920734,-34.115856,-118.04878
263,0.9824219,-0.14208984,0.33520508,40.762196,-35.82317,-109.39024
263,0.94799805,-0.100097656,0.28808594,22.835367,-33.993904,-109.69512
264,0.8598633,-0.109375,0.2998047,-14.72561,-22.65244,-105.73171
264,0.7233887,-0.15478516,0.3388672,-38.262196,-19.390244,-105.914635
264,0.66967773,-0.21142578,0.33764648,-73.17073,-8.628049,-107.835365
264,0.6958008,-0.30273438,0.26757813,-103.04878,13.353659,-105
264,0.7819824,-0.3642578,0.30737305,-88.2622,11.158537,-103.23171
264,0.857666,-0.4321289,0.41674805,-64.72561,5.640244,-103.71951
264,0.9267578,-0.4946289,0.46533203,-56.798782,2.012195,-100.97561
264,0.99121094,-0.5749512,0.47802734,-48.109756,-0.36585367,-90.57927
264,0.98535156,-0.6230469,0.46142578,-23.536587,-2.1646342,-66.52439
264,1.2905273,-0.6501465,0.44873047,12.77439,-8.323171,-13.231708
264,1.4602051,-0.51586914,0.501709,30.396341,-13.902439,26.067074
264,0.9785156,-0.36108398,0.4934082,19.45122,-1.890244,57.40854
264,0.95825195,-0.35473633,0.39453125,9.908537,5.4573174,102.95732
264,1.0554199,-0.39135742,0.34057617,27.65244,9.542684,116.40244
264,1.0439453,-0.4020996,0.27441406,54.573174,8.414635,126.55488
264,1.0869141,-0.3317871,0.25073242,97.31708,9.878049,136.28049
264,1.0007324,-0.18798828,0.2512207,105.73171,14.115854,145.03049
264,0.8803711,-0.080322266,0.23657227,78.07927,24.29878,153.32318
264,0.8376465,-0.12402344,0.2253418,20.731709,25.243902,151.73781
264,0.8786621,-0.22167969,0.21801758,0.51829267,20.670732,139.08537
264,0.9199219,-0.2722168,0.21899414,0.42682928,15.884147,121.34147
264,0.92163086,-0.29492188,0.26293945,15.030488,13.018293,93.29269
264,1.0964355,-0.2770996,0.30615234,30.670732,16.219513,68.84147
264,1.1853027,-0.15600586,0.29541016,34.57317,20.487804,41.798782
264,0.9187012,-0.03955078,0.3720703,9.237805,8.993902,11.920732
264,1.1635742,-0.07885742,0.36816406,-10.6402445,0,-24.085367
264,1.0588379,-0.1953125,0.41015625,-23.170732,-23.04878,-70.914635
264,0.80566406,-0.359375,0.57177734,-2.957317,-41.371952,-106.21951
264,0.82788086,-0.28466797,0.5749512,26.493902,-36.737804,-114.14635
264,0.9206543,-0.18676758,0.48706055,40.182926,-35.70122,-108.29269
264,0.88012695,-0.026367188,0.3803711,15.70122,-33.109756,-104.72561
264,0.85791016,-0.009277344,0.34228516,-24.32927,-24.054878,-105
265,0.751709,-0.087402344,0.35473633,-52.2561,-17.591463,-107.40854
265,0.7055664,-0.21777344,0.3618164,-89.54269,-7.042683,-112.07317
265,0.8293457,-0.33813477,0.34155273,-108.56708,7.9268293,-115.85366
265,0.8623047,-0.40551758,0.3486328,-96.585365,17.37805,-109.72561
265,0.796875,-0.39648438,0.4555664,-59.390244,14.085366,-101.64635
265,0.7919922,-0.43041992,0.5065918,-49.17683,4.9390244,-98.993904
265,0.89086914,-0.5415039,0.55981445,-40.182926,-0.36585367,-94.176834
265,0.9145508,-0.56518555,0.5095215,-19.664635,0.12195122,-61.798782
265,1.0356445,-0.55029297,0.48168945,-5.6097565,-2.5609756,-25.57927
265,1.4477539,-0.5144043,0.4987793,2.8658538,-9.176829,8.506098
265,1.1098633,-0.3725586,0.53149414,-5.518293,0.27439025,48.871952
265,0.9157715,-0.32495117,0.43798828,-12.22561,6.8292685,84.23781
265,1.0571289,-0.33789063,0.3647461,-8.47561,6.890244,109.23781
265,0.9794922,-0.36523438,0.26708984,18.841463,1.6768293,118.689026
265,0.98413086,-0.36816406,0.23950195,45.27439,-1.7073171,127.31708
265,0.9560547,-0.29736328,0.27783203,69.11585,-4.512195,129.90854
265,0.81030273,-0.18530273,0.29516602,69.02439,0.7621951,139.78659
265,0.73999023,-0.14233398,0.24804688,50.121952,3.0487804,145.82318
265,0.80029297,-0.2019043,0.23510742,33.780487,-2.7134147,140.64024
265,0.90112305,-0.23095703,0.24584961,32.896343,-2.2256098,118.75
265,0.85913086,-0.24560547,0.26513672,32.621952,-1.4024391,98.201225
265,0.9067383,-0.26049805,0.30395508,39.115856,-4.054878,77.22561
265,1.1677246,-0.17041016,0.35229492,46.09756,2.378049,37.80488
265,1.0239258,-0.0793457,0.37060547,27.469513,2.4390244,13.75
265,0.9238281,-0.05053711,0.38916016,1.1890244,-0.91463417,-9.237805
265,1.2873535,-0.18115234,0.37231445,-32.865856,-14.4207325,-69.14634
265,1.0742188,-0.36987305,0.48999023,-35.457317,-38.841465,-109.96951
265,0.83862305,-0.39135742,0.59228516,-7.1036587,-44.02439,-129.14635
265,0.8869629,-0.26367188,0.5578613,23.871952,-37.042683,-122.164635
265,0.9562988,-0.15063477,0.4338379,24.481709,-33.17073,-104.451225
266,0.9436035,-0.057861328,0.3322754,3.5060976,-26.554878,-94.847565
266,0.8444824,-0.08496094,0.29589844,-24.817074,-15.518293,-84.939026
266,0.704834,-0.114990234,0.34155273,-36.67683,-12.682927,-80.335365
266,0.66674805,-0.19213867,0.34326172,-64.085365,-5.914634,-80.09147
266,0.72998047,-0.35986328,0.28979492,-85.18293,5.97561,-82.13415
266,0.71313477,-0.5029297,0.3515625,-54.969513,-1.7682927,-76.82927
266,0.74902344,-0.5637207,0.46264648,16.707317,-14.664635,-71.79878
266,0.7919922,-0.46020508,0.51342773,83.32317,-23.018293,-59.420734
266,0.9057617,-0.41748047,0.5407715,95.060974,-27.34756,-52.286587
266,0.9868164,-0.3166504,0.5332031,71.55488,-20.365854,-43.292683
266,1.3620605,-0.30664063,0.4753418,20.609756,-3.0792685,-7.987805
266,1.666748,-0.20874023,0.48388672,-7.1036587,7.2865853,23.018293
266,1.0727539,-0.12524414,0.49365234,-46.0061,22.804878,52.835365
266,0.82910156,-0.15454102,0.40478516,-62.621952,32.10366,102.5
266,1.0085449,-0.26245117,0.3425293,-58.140244,29.695122,122.56098
266,1.0766602,-0.35961914,0.30737305,-29.87805,24.085367,135.30489
266,1.1286621,-0.40478516,0.30151367,18.292683,19.908537,139.66464
266,1.0217285,-0.29516602,0.30371094,51.310978,18.567074,144.69513
266,0.8803711,-0.18383789,0.29711914,61.859756,17.865854,148.65854
266,0.8383789,-0.0769043,0.28222656,43.59756,18.04878,142.13416
266,0.8215332,-0.12011719,0.2607422,19.969513,16.158537,122.40854
266,0.8137207,-0.14770508,0.24804688,3.9939024,16.432928,100.73171
266,0.7963867,-0.1616211,0.22827148,-9.695122,20.365854,66.585365
266,0.8664551,-0.17358398,0.22167969,-16.707317,21.768293,39.115856
266,0.9243164,-0.19189453,0.24511719,-14.45122,19.420732,7.682927
266,0.83984375,-0.18530273,0.3330078,-6.280488,11.493903,-30.365854
266,0.9614258,-0.23706055,0.36572266,-0.27439025,4.359756,-55.823174
266,1.2092285,-0.29223633,0.35742188,7.22561,-6.3414636,-95.18293
266,1.0493164,-0.3227539,0.49829102,7.987805,-34.969513,-143.59756
266,0.8737793,-0.28393555,0.5722656,7.164634,-44.298782,-151.67683
266,0.85839844,-0.22314453,0.560791,5.4268293,-42.34756,-143.0183
267,1.0786133,-0.15722656,0.44384766,1.9817073,-32.378048,-115.97561
267,1.1091309,-0.10668945,0.32543945,-14.115854,-17.774391,-99.05488
267,1.0163574,-0.11303711,0.2578125,-37.317074,-6.52439,-86.55488
267,0.79125977,-0.13183594,0.3227539,-71.46342,-0.79268295,-70.21342
267,0.7463379,-0.21777344,0.34399414,-100.88415,5.7012196,-56.707317
267,0.74438477,-0.29907227,0.3112793,-115,14.359756,-45
267,0.74487305,-0.35302734,0.28686523,-105.39635,14.3902445,-32.621952
267,0.72753906,-0.37695313,0.3076172,-84.35976,8.079268,-28.75
267,0.6804199,-0.38476563,0.34887695,-57.073174,0.21341464,-26.82927
267,0.72216797,-0.38354492,0.43139648,-22.65244,-9.756098,-26.585367
267,0.8239746,-0.3635254,0.46728516,-5.121951,-10.914635,-24.237806
267,0.9243164,-0.3022461,0.44970703,-1.7073171,-7.6219516,-15.304878
267,1.4250488,-0.29125977,0.48608398,-14.603659,-5.6097565,-5.4268293
267,1.432373,-0.20874023,0.5097656,-38.018295,3.0182927,1.4939024
267,0.94799805,-0.1665039,0.4675293,-78.20122,16.25,21.09756
267,0.83496094,-0.20874023,0.42285156,-76.73781,22.560976,64.23781
267,1.0900879,-0.20336914,0.39794922,-48.932926,20.243902,85.36585
267,1.3115234,-0.16967773,0.38427734,-30.518293,28.20122,100.15244
267,1.1569824,-0.10961914,0.39257813,-33.414635,26.615854,98.10976
267,0.9741211,-0.1616211,0.43432617,-33.262196,20.396341,98.17073
267,0.83935547,-0.18945313,0.45043945,-26.40244,18.689024,96.21951
267,0.84277344,-0.12646484,0.37768555,-25.70122,29.115854,88.44512
267,0.888916,-0.11401367,0.28271484,-39.390244,40.73171,67.5
267,0.88378906,-0.110839844,0.19995117,-60.518295,54.268295,41.737804
267,0.83203125,-0.15625,0.14868164,-91.34147,67.347565,4.2073174
267,0.795166,-0.22485352,0.1538086,-104.939026,74.20732,-24.390244
267,0.8249512,-0.30395508,0.17480469,-104.268295,79.085365,-48.993904
267,0.96850586,-0.42260742,0.20141602,-89.23781,86.73781,-81.06708
267,0.98339844,-0.46362305,0.21313477,-75.94512,87.13415,-104.63415
267,0.9243164,-0.44384766,0.22045898,-64.42073,82.98781,-115.94512
268,0.9626465,-0.40722656,0.24829102,-60.94512,69.90854,-137.34756
268,1.0151367,-0.38183594,0.2668457,-69.02439,59.32927,-149.11586
268,0.9926758,-0.37475586,0.24731445,-90.79269,54.32927,-159.72562
268,0.9584961,-0.3828125,0.20751953,-121.73781,50.73171,-158.56708
268,1.0124512,-0.38549805,0.17773438,-129.93903,50.487804,-155.64024
268,1.0583496,-0.39624023,0.15649414,-132.43903,50.42683,-151.82927
268,1.0629883,-0.40942383,0.1459961,-133.99391,50,-142.07318
268,1.0297852,-0.38867188,0.1616211,-135.15244,45.457317,-133.35367
268,0.9716797,-0.38476563,0.18188477,-137.22562,40.914635,-119.42074
268,0.90844727,-0.38110352,0.21459961,-133.5061,30.762196,-102.71342
268,0.86083984,-0.38745117,0.23266602,-121.46342,20.884148,-91.0061
268,0.81396484,-0.38232422,0.25317383,-105.67073,11.52439,-81.46342
268,0.8161621,-0.35668945,0.28857422,-88.07927,3.2317073,-70
268,0.82470703,-0.31762695,0.3137207,-80.64024,-0.6707317,-62.012196
268,0.8251953,-0.29492188,0.34545898,-81.768295,-4.5731707,-57.560978
268,0.8100586,-0.2998047,0.40307617,-89.63415,-8.384147,-56.09756
268,0.79833984,-0.32421875,0.45166016,-93.78049,-11.128049,-60.42683
268,0.79296875,-0.3659668,0.51708984,-87.59147,-14.481708,-64.32927
268,0.7651367,-0.40161133,0.5830078,-65.64024,-19.84756,-67.46951
268,0.7583008,-0.39746094,0.6020508,-47.164635,-23.90244,-67.926834
268,0.7944336,-0.38256836,0.6374512,-29.420732,-25.731709,-65.18293
268,0.9614258,-0.37426758,0.6809082,-12.865854,-22.317074,-54.32927
268,1.1611328,-0.36010742,0.6743164,-11.036586,-10.091464,-31.615854
268,1.0319824,-0.30004883,0.60131836,-22.92683,-0.9756098,-2.042683
268,0.87646484,-0.2211914,0.48950195,-23.841463,18.932928,47.40854
268,1.0039063,-0.24194336,0.42919922,-13.47561,19.939024,76.92073
268,1.0656738,-0.2866211,0.3684082,-14.45122,25.487806,83.414635
268,1.0161133,-0.30444336,0.32055664,-9.146341,24.054878,88.35366
268,0.8640137,-0.28881836,0.31835938,-13.963415,22.469513,88.75
268,0.7614746,-0.26293945,0.32202148,-18.963415,17.835367,91.85976
268,0.7277832,-0.24829102,0.29052734,-22.164635,12.439025,89.268295
269,0.78637695,-0.26708984,0.26416016,-20.670732,8.109756,81.097565
269,0.8720703,-0.26391602,0.26000977,-12.926829,7.4390244,70.82317
269,0.92407227,-0.22705078,0.2746582,-11.158537,9.634147,58.048782
269,0.970459,-0.19311523,0.31860352,-9.176829,8.932927,48.07927
269,1.0620117,-0.14477539,0.36108398,-8.810976,6.5853662,32.5
269,1.1108398,-0.12597656,0.42797852,-10.884147,1.6158537,4.359756
269,1.0292969,-0.10498047,0.47998047,-10.609756,-0.12195122,-17.743902
269,1.1560059,-0.095947266,0.4416504,-15.365854,1.3109757,-44.05488
269,1.2434082,-0.24389648,0.45385742,-30.030489,-14.02439,-95.15244
269,0.9890137,-0.35839844,0.5505371,-9.29878,-27.256098,-115.82317
269,0.8251953,-0.28076172,0.5961914,15.762196,-21.432928,-120.79269
269,0.93188477,-0.14746094,0.48266602,26.524391,-19.085367,-99.96951
269,0.9655762,-0.041503906,0.38476563,12.804878,-8.506098,-78.44512
269,0.93310547,0.01171875,0.30273438,-21.79878,3.75,-57.65244
269,0.8034668,-0.03100586,0.3022461,-64.939026,8.04878,-46.646343
269,0.6369629,-0.09057617,0.3017578,-104.54269,15.6707325,-40.487804
269,0.546875,-0.18945313,0.25683594,-136.0061,28.384148,-37.896343
269,0.5827637,-0.30126953,0.23022461,-127.19512,33.17073,-33.17073
269,0.64086914,-0.34399414,0.2524414,-92.68293,28.62805,-36.98171
269,0.69677734,-0.38623047,0.29516602,-53.90244,23.04878,-42.042683
269,0.7578125,-0.42626953,0.39379883,-11.280488,6.7987804,-55.609756
269,0.78637695,-0.43896484,0.47265625,15.365854,-11.371951,-67.439026
269,0.90527344,-0.41625977,0.51538086,32.77439,-24.87805,-71.64634
269,1.3125,-0.45898438,0.52441406,34.69512,-30.640245,-55
269,1.4995117,-0.4909668,0.5432129,34.512196,-28.506098,-24.32927
269,1.1188965,-0.44604492,0.5505371,42.19512,-23.140244,13.597561
269,0.75268555,-0.23754883,0.49047852,51.615856,-8.323171,78.35366
269,1.0688477,-0.27026367,0.40771484,53.44512,-2.012195,111.43293
270,1.1203613,-0.29760742,0.3491211,54.085365,9.481708,120.426834
270,1.0524902,-0.33447266,0.29516602,63.75,16.09756,127.10366
270,0.99316406,-0.25097656,0.2890625,77.10366,16.82927,130.88416
270,0.84375,-0.16601563,0.28320313,68.871956,20.030489,134.35976
270,0.7729492,-0.12915039,0.24609375,39.817074,23.62805,134.81708
270,0.81640625,-0.18164063,0.21508789,17.469513,21.707317,125.335365
270,0.8652344,-0.22753906,0.22607422,5.182927,20.274391,110.7622
270,0.9819336,-0.26342773,0.2536621,8.628049,18.75,85.79269
270,1.0854492,-0.25585938,0.31591797,16.890244,19.512196,64.60366
270,1.2414551,-0.18188477,0.32299805,20.518293,23.262196,43.780487
270,1.0727539,-0.002197266,0.32958984,-3.902439,20.97561,17.591463
270,1.0830078,0.001708984,0.3552246,-27.987806,16.09756,-2.1341465
270,1.2446289,-0.029541016,0.31689453,-48.65854,8.323171,-39.878048
270,0.9453125,-0.30908203,0.43603516,-54.725613,-21.432928,-80.121956
270,0.82958984,-0.3671875,0.513916,-18.90244,-21.280489,-98.993904
270,0.92211914,-0.26367188,0.5085449,10.365854,-21.524391,-105.243904
270,0.9580078,-0.20117188,0.39624023,21.707317,-25.914635,-98.414635
270,0.89697266,-0.10449219,0.3154297,17.560976,-27.5,-94.78659
270,0.7734375,-0.072021484,0.28857422,-4.054878,-21.79878,-92.71342
270,0.6008301,-0.09643555,0.31225586,-33.536587,-12.835366,-91.189026
270,0.62890625,-0.14672852,0.30932617,-63.963417,-2.2865853,-95.060974
270,0.77978516,-0.25073242,0.28320313,-88.689026,11.067074,-98.78049
270,0.8786621,-0.35009766,0.32373047,-83.04878,15.97561,-99.5122
270,0.85424805,-0.39819336,0.4050293,-73.90244,11.646341,-106.585365
270,0.8581543,-0.46704102,0.47875977,-69.63415,5.8841467,-112.28659
270,0.9819336,-0.5605469,0.51049805,-57.92683,-4.512195,-115.426834
270,1.1032715,-0.6855469,0.49365234,-40.640244,-6.4939027,-95.57927
270,1.4172363,-0.7895508,0.4375,7.5,-13.536586,-52.5
270,1.1796875,-0.48217773,0.41723633,78.35366,-21.493902,14.756098
270,0.80444336,-0.23242188,0.41333008,84.176834,-12.22561,69.57317
270,0.99121094,-0.19604492,0.39379883,64.48171,-3.7195122,112.621956
270,1.0881348,-0.29833984,0.3461914,31.67683,12.5,128.14024
270,1.1083984,-0.40454102,0.3154297,23.20122,15.54878,135.88416
271,1.0717773,-0.3864746,0.30029297,39.45122,17.92683,143.35367
271,0.9250488,-0.2409668,0.27685547,66.52439,15.97561,159.45122
271,0.87646484,-0.15649414,0.2626953,65.54878,21.554878,163.93294
271,0.92700195,-0.15307617,0.2565918,49.60366,24.969513,158.44513
271,1.0131836,-0.17895508,0.23388672,22.804878,31.707317,143.96342
271,1.0842285,-0.17700195,0.21704102,2.4695122,35.213417,126.12805
271,1.0625,-0.12963867,0.2487793,-11.585366,34.60366,100.64024
271,1.1337891,-0.16040039,0.28198242,-15.121952,34.817074,67.89634
271,1.0419922,-0.033691406,0.25268555,-18.932928,32.378048,39.573174
271,0.9289551,-0.047851563,0.2775879,-33.20122,20.15244,10.762196
271,1.1574707,-0.19140625,0.24731445,-38.384148,3.8414636,-52.37805
271,0.9291992,-0.35717773,0.33081055,-25.762196,-22.103659,-99.451225
271,0.8178711,-0.4255371,0.47802734,7.5914636,-35.457317,-128.81097
271,0.93969727,-0.34960938,0.54125977,53.810978,-44.390244,-143.32318
271,1.0263672,-0.26538086,0.44140625,76.15854,-47.743904,-130.70122
271,1.0031738,-0.14160156,0.31713867,72.53049,-52.987804,-125.914635
271,0.89038086,-0.04345703,0.31518555,29.390245,-50.792683,-112.5
271,0.7050781,-0.021240234,0.3647461,-11.920732,-39.939026,-108.35366
271,0.63183594,-0.06616211,0.36401367,-57.19512,-24.634148,-107.46951
271,0.7763672,-0.2409668,0.30615234,-100.30488,0.33536586,-108.32317
271,0.8925781,-0.3383789,0.33154297,-100.03049,7.4695125,-102.0122
271,0.9099121,-0.40893555,0.41870117,-87.743904,8.231708,-98.414635
271,0.8901367,-0.49291992,0.48706055,-77.22561,4.420732,-96.85976
271,0.94140625,-0.56396484,0.50683594,-65.39634,1.9207318,-91.34147
271,0.9848633,-0.61157227,0.46875,-40.762196,-2.7134147,-72.164635
271,1.2722168,-0.69189453,0.40966797,18.07927,-9.3902445,-21.67683
271,1.3303223,-0.51293945,0.4404297,60.396343,-20.15244,17.5
271,0.9460449,-0.31298828,0.43530273,52.34756,-8.292683,65.88415
271,1.0644531,-0.32983398,0.36938477,34.969513,2.6219513,120.79269
271,1.1923828,-0.38256836,0.30810547,46.09756,7.2865853,136.9817
271,1.2131348,-0.42089844,0.28979492,67.59147,9.72561,148.81097
272,1.1611328,-0.31347656,0.25830078,102.0122,12.5,160.2744
272,0.99365234,-0.17480469,0.25048828,105.94512,17.012196,172.07318
272,0.9104004,-0.08276367,0.24023438,79.14635,24.32927,178.68903
272,0.94799805,-0.099609375,0.21289063,25.335367,36.128048,175.88416
272,0.95166016,-0.17895508,0.21020508,-3.902439,36.371952,160.7317
272,1.0195313,-0.21777344,0.22192383,-12.439025,35.457317,142.34756
272,1.003418,-0.10205078,0.25219727,-16.12805,30.792685,98.90244
272,1.0834961,-0.12670898,0.265625,-20.060976,27.469513,63.689026
272,1.060791,-0.07397461,0.24853516,-19.634148,26.82927,28.20122
272,0.90893555,-0.049804688,0.2998047,-24.72561,11.554878,-20.274391
272,1.1352539,-0.1274414,0.26708984,-26.524391,0.6402439,-68.17073
272,1.074707,-0.29174805,0.30297852,-23.932928,-22.591463,-118.53659
272,0.8937988,-0.3725586,0.44384766,6.52439,-45.823174,-157.43903
272,0.98461914,-0.31982422,0.47045898,38.628048,-52.65244,-165.18294
272,1.1181641,-0.25878906,0.3918457,63.90244,-56.310978,-155.21342
272,1.0769043,-0.15405273,0.27929688,68.689026,-56.52439,-141.09756
272,1.0026855,-0.10253906,0.28173828,33.65854,-48.048782,-125.30488
272,0.8430176,-0.064208984,0.35375977,-10.884147,-38.5061,-110.701225
272,0.6713867,-0.12109375,0.36645508,-73.018295,-17.682928,-98.75
272,0.7841797,-0.24975586,0.35668945,-115.45732,-2.6219513,-92.10366
272,0.8708496,-0.36914063,0.40844727,-114.29878,5.914634,-86.12805
272,0.79956055,-0.42016602,0.4506836,-83.44512,9.268293,-83.56708
272,0.796875,-0.49780273,0.46728516,-63.689026,9.45122,-84.57317
272,0.93896484,-0.6047363,0.513916,-35.030487,5.0609756,-84.085365
272,1.0463867,-0.70166016,0.50634766,12.256098,6.8292685,-47.591465
272,1.5153809,-0.67333984,0.47680664,61.920734,0.6402439,1.3414634
272,1.4946289,-0.33911133,0.49536133,58.963417,2.7743902,36.615856
272,0.87060547,-0.14624023,0.45654297,20.274391,24.72561,92.80488
272,1.0830078,-0.17089844,0.40063477,5.640244,31.25,129.29878
272,1.1726074,-0.27270508,0.33325195,-1.9207318,37.164635,140.67073
272,1.1557617,-0.39941406,0.29101563,12.560976,34.634148,149.05489
273,1.1130371,-0.32739258,0.2758789,40.15244,35.762196,161.7683
273,0.9194336,-0.17553711,0.26782227,52.134148,33.59756,171.61586
273,0.8054199,-0.115234375,0.2626953,38.536587,30.823172,179.5122
273,0.88061523,-0.15209961,0.25683594,28.20122,28.780489,169.69513
273,0.9494629,-0.17919922,0.23779297,16.432928,30.213415,147.92683
273,0.9904785,-0.19213867,0.23339844,1.8292683,32.957317,112.10366
273,1.0249023,-0.1574707,0.23657227,2.5304878,33.993904,85.701225
273,1.0690918,-0.07324219,0.24487305,10.27439,33.35366,53.59756
273,0.8955078,0.022216797,0.29467773,2.0731707,21.189024,6.646342
273,1.0917969,-0.034423828,0.2861328,-20.213415,8.963415,-38.567074
273,1.0441895,-0.18701172,0.32080078,-46.067074,-13.109756,-93.32317
273,0.88793945,-0.34643555,0.43920898,-44.390244,-36.646343,-137.89635
273,0.9333496,-0.3100586,0.4855957,-18.262196,-45.670734,-158.81097
273,1.0817871,-0.27929688,0.4802246,10.182927,-56.067074,-161.95122
273,1.0805664,-0.22216797,0.42382813,33.628048,-65.18293,-159.39024
273,1.0183105,-0.19116211,0.3696289,27.987806,-62.5,-146.34146
273,0.85913086,-0.15356445,0.36035156,15.884147,-57.37805,-130.60976
273,0.7487793,-0.13427734,0.38598633,-8.506098,-49.60366,-117.13415
273,0.795166,-0.19433594,0.37304688,-38.140244,-33.292683,-110.121956
273,0.82910156,-0.25830078,0.3630371,-54.390244,-18.323172,-99.05488
273,0.88378906,-0.32666016,0.4260254,-64.54269,-10.487805,-90.67073
273,0.8635254,-0.4111328,0.50512695,-68.84147,-8.262196,-88.38415
273,0.9562988,-0.51660156,0.5588379,-65.85366,-5.030488,-86.64635
273,1.0195313,-0.63500977,0.54345703,-45.70122,-1.7378049,-74.29878
273,1.0861816,-0.67407227,0.4736328,-18.90244,3.5365853,-34.390244
273,1.3706055,-0.6472168,0.4645996,27.65244,-2.195122,14.817074
273,1.1813965,-0.30566406,0.46484375,49.664635,5.0914636,71.46342
273,0.84350586,-0.19897461,0.41552734,24.573172,19.268293,108.35366
273,1.0761719,-0.26391602,0.3605957,8.506098,24.72561,138.87195
273,1.1589355,-0.36889648,0.31762695,20.457317,24.87805,145.70122
274,1.1865234,-0.4296875,0.2824707,47.225613,23.47561,156.09756
274,1.1530762,-0.36254883,0.26611328,82.19512,21.585367,159.5427
274,0.96484375,-0.17651367,0.2475586,101.85976,24.085367,167.16464
274,0.8967285,-0.09716797,0.21508789,80.30488,32.560978,170.48781
274,0.8984375,-0.12475586,0.2019043,46.0061,32.07317,163.62805
274,0.9875488,-0.19726563,0.20776367,12.865854,35.243904,141.18903
274,0.9890137,-0.20825195,0.21289063,1.4634147,36.737804,120.335365
274,1.0625,-0.1784668,0.23413086,0.30487806,36.189026,96.097565
274,1.0966797,-0.05517578,0.24316406,-13.506098,30.457317,49.542683
274,0.939209,-0.033935547,0.2692871,-38.44512,20.091463,21.280489
274,0.9729004,-0.1015625,0.30566406,-47.317074,11.981708,-10.426829
274,1.1403809,-0.22094727,0.26733398,-36.09756,-9.146341,-71.310974
274,0.9309082,-0.33520508,0.35791016,-17.957317,-33.719513,-110.82317
274,0.94384766,-0.36083984,0.44433594,10.396341,-42.073174,-136.37195
274,1.0385742,-0.24487305,0.43066406,45.487804,-47.530487,-139.42073
274,1.0793457,-0.18896484,0.3725586,47.469513,-56.493904,-138.78049
274,1.0625,-0.14208984,0.35058594,34.45122,-60.609756,-140.36586
274,0.8630371,-0.14233398,0.34594727,2.6219513,-56.15854,-127.86586
274,0.69873047,-0.14892578,0.34960938,-15.182927,-48.932926,-119.78659
274,0.7141113,-0.18676758,0.34350586,-39.939026,-41.768295,-120
274,0.86376953,-0.2866211,0.3413086,-68.810974,-21.79878,-119.48171
274,0.8840332,-0.35668945,0.38134766,-65.518295,-14.359756,-113.56708
274,0.8312988,-0.37475586,0.4267578,-57.896343,-13.871951,-107.28659
274,0.97875977,-0.47558594,0.52319336,-51.341465,-15.182927,-100.243904
274,1.0458984,-0.5751953,0.54345703,-38.689026,-12.865854,-88.75
274,1.128418,-0.6623535,0.52075195,-20.70122,-7.042683,-57.5
274,1.5004883,-0.62841797,0.51586914,28.719513,-10.853659,1.7682927
274,1.1611328,-0.35839844,0.5175781,40.97561,3.4756098,52.37805
274,0.8964844,-0.22875977,0.4802246,33.32317,17.591463,98.14024
274,1.1594238,-0.22021484,0.40893555,17.621952,33.963417,138.20122
274,1.1853027,-0.3334961,0.3461914,16.219513,40.15244,150.09146
275,1.1733398,-0.3828125,0.2944336,38.262196,39.786587,157.62195
275,1.1020508,-0.2800293,0.25878906,74.5122,37.957317,166.92073
275,0.98095703,-0.15942383,0.25341797,77.22561,40.243904,172.2561
275,0.89697266,-0.08959961,0.23291016,51.341465,48.35366,175.09146
275,0.93408203,-0.17602539,0.20458984,9.542684,46.0061,163.90244
275,1.0432129,-0.24414063,0.19506836,-8.109756,45.57927,143.99391
275,1.0957031,-0.2512207,0.16699219,-15.518293,45.823174,122.0122
275,1.041748,-0.1508789,0.20117188,-12.012196,41.615856,85.27439
275,1.0822754,-0.114746094,0.21557617,-10.579268,38.75,59.390244
275,0.9772949,-0.017822266,0.21240234,-20.304878,30.670732,35.57927
275,1.107666,-0.03930664,0.19262695,-42.560978,10.060976,-11.463415
275,1.0351563,-0.19091797,0.22631836,-56.15854,-16.615854,-68.018295
275,0.94750977,-0.41503906,0.37548828,-44.17683,-43.475613,-108.84147
275,0.95654297,-0.35791016,0.5180664,17.22561,-50.73171,-149.2683
275,1.0217285,-0.3215332,0.49047852,59.05488,-59.969513,-148.17073
275,1.0749512,-0.22753906,0.4013672,84.69512,-67.40854,-146.0061
275,0.953125,-0.053710938,0.37646484,62.317074,-65.48781,-133.75
275,0.7956543,0.01586914,0.37817383,14.176829,-52.34756,-119.57317
275,0.7036133,0.008789063,0.38183594,-35.73171,-40.609756,-117.22561
275,0.8183594,-0.14086914,0.34423828,-111.15854,-16.768293,-123.93293
275,0.94677734,-0.31518555,0.2849121,-133.47562,4.5731707,-119.176834
275,1.0366211,-0.40454102,0.33666992,-112.5,9.237805,-118.44512
275,0.96899414,-0.46069336,0.4177246,-89.847565,6.768293,-117.95732
275,0.9680176,-0.49731445,0.42456055,-83.10976,8.536586,-111.06708
275,1.0163574,-0.5793457,0.4399414,-66.34146,0.27439025,-103.96342
275,1.1481934,-0.7224121,0.44628906,-20.060976,-4.542683,-62.225613
275,1.2792969,-0.66503906,0.42773438,30.97561,-12.22561,-14.268293
275,1.0827637,-0.47851563,0.44433594,57.286587,-12.560976,32.042683
275,0.92871094,-0.2998047,0.38378906,48.384148,5,90.94512
275,1.184082,-0.2932129,0.33911133,35.914635,14.115854,116.768295
275,1.1828613,-0.35375977,0.31811523,29.786587,23.506098,127.347565
276,1.1625977,-0.3605957,0.2878418,52.225613,24.908537,147.37805
276,1.1040039,-0.2841797,0.29589844,71.28049,23.841463,157.80489
276,0.9880371,-0.1953125,0.28198242,77.439026,25.457317,168.53659
276,0.9250488,-0.13476563,0.2253418,55.30488,32.621952,177.13416
276,0.9350586,-0.19580078,0.20458984,33.810978,29.939026,172.89635
276,1.0041504,-0.24072266,0.21508789,28.20122,28.841465,158.84146
276,1.0742188,-0.17700195,0.21411133,26.493902,35.030487,129.63416
276,1.0517578,-0.09008789,0.23242188,19.72561,38.780487,95.94512
276,1.097168,-0.076660156,0.23706055,3.323171,40.27439,65.518295
276,1.0075684,0.037353516,0.22192383,-29.969513,36.463417,28.07927
276,1.0935059,-0.007324219,0.21069336,-54.207317,23.780489,-7.896342
276,1.0783691,-0.13696289,0.19799805,-70,5.152439,-59.05488
276,0.9333496,-0.44091797,0.3881836,-48.07927,-26.82927,-117.10366
276,0.923584,-0.4086914,0.5078125,5.4268293,-33.567074,-146.92073
276,0.9699707,-0.3408203,0.49365234,57.439026,-43.841465,-149.5427
276,0.99487305,-0.1965332,0.37036133,86.64635,-57.40854,-138.87195
276,0.954834,-0.103759766,0.34228516,69.72561,-55.73171,-127.22562
276,0.82666016,-0.020263672,0.32104492,25.70122,-43.810978,-111.25
276,0.6789551,-0.033447266,0.33203125,-32.10366,-31.310976,-102.95732
276,0.7570801,-0.12792969,0.33911133,-75.21342,-19.268293,-102.53049
276,0.8894043,-0.24414063,0.3137207,-108.2622,-0.09146342,-95.97561
276,0.9448242,-0.3388672,0.32226563,-111.25,8.597561,-86.82927
276,0.8876953,-0.39746094,0.38427734,-97.04269,4.9695125,-84.48171
276,0.90722656,-0.4597168,0.4777832,-78.018295,0.7621951,-83.506096
276,0.93774414,-0.49316406,0.51660156,-47.957317,-6.7073174,-88.71951
276,1.0200195,-0.50634766,0.49926758,-31.371952,-5.0609756,-83.32317
276,1.3081055,-0.5827637,0.46166992,-12.957317,-5.5487804,-60.94512
276,1.1696777,-0.50390625,0.49169922,17.042683,-5.792683,-6.097561
276,0.85131836,-0.34643555,0.46142578,25.884148,3.4756098,49.17683
276,1.0349121,-0.2824707,0.39086914,35.97561,1.7987806,94.23781
277,1.092041,-0.31469727,0.3244629,39.298782,15.030488,121.70732
277,1.1223145,-0.35595703,0.29760742,50.975613,18.932928,135.12195
277,1.0866699,-0.28125,0.29370117,74.45122,17.317074,143.47562
277,0.92163086,-0.15795898,0.29467773,77.560974,19.45122,157.65244
277,0.8647461,-0.13061523,0.28271484,52.012196,27.591465,164.4817
277,0.8886719,-0.18310547,0.24584961,24.969513,27.469513,162.65244
277,0.96118164,-0.2133789,0.2319336,17.317074,26.646341,143.26219
277,0.9958496,-0.16748047,0.22363281,13.841464,30.487806,118.47561
277,0.96875,-0.1394043,0.23828125,4.02439,33.536587,90.85366
277,1.0529785,-0.10595703,0.2548828,-3.780488,35.42683,54.786587
277,0.97216797,-0.022216797,0.26635742,-14.878049,31.036587,26.25
277,1.1181641,-0.07836914,0.27905273,-30.243904,18.810976,-0.4878049
277,1.1721191,-0.18798828,0.27246094,-34.60366,-10.579268,-61.12805
277,0.94555664,-0.35229492,0.43579102,-17.621952,-41.15854,-90.82317
277,0.86279297,-0.3413086,0.5551758,22.073172,-48.170734,-114.11586
277,1.0310059,-0.24072266,0.5085449,66.46342,-57.073174,-106.70732
277,1.0266113,-0.140625,0.41796875,73.993904,-54.45122,-94.63415
277,0.95336914,-0.035888672,0.3581543,49.237804,-43.262196,-78.506096
277,0.7705078,0.023925781,0.33618164,-7.652439,-24.939026,-66.95122
277,0.6503906,-0.048339844,0.37329102,-41.798782,-22.073172,-70.73171
277,0.65600586,-0.16259766,0.38183594,-81.006096,-8.780488,-74.54269
277,0.7404785,-0.27661133,0.33374023,-105.15244,11.920732,-73.84147
277,0.7775879,-0.3251953,0.34033203,-83.07927,11.646341,-76.676834
277,0.8010254,-0.3720703,0.40039063,-56.09756,4.9695125,-85.060974
277,0.8312988,-0.41430664,0.48461914,-31.006098,-2.4695122,-97.439026
277,0.8996582,-0.41137695,0.5202637,-16.493902,-8.780488,-105.701225
277,1.0361328,-0.41259766,0.517334,-9.176829,-8.689025,-100.335365
277,1.3120117,-0.49926758,0.484375,-7.4390244,-5.5792685,-58.93293
277,1.3869629,-0.50024414,0.48168945,3.5975611,-3.5670733,-14.176829
277,1.0236816,-0.32006836,0.4741211,3.445122,5.5487804,32.10366
278,0.96362305,-0.24633789,0.38476563,-8.262196,13.079268,89.5122
278,1.0864258,-0.3071289,0.33618164,-10.243902,17.560976,108.75
278,1.0639648,-0.36328125,0.30566406,5.7012196,17.530489,118.871956
278,1.0461426,-0.34033203,0.2854004,53.62805,11.402439,132.2561
278,0.95410156,-0.22851563,0.29711914,79.29878,6.432927,137.80489
278,0.80126953,-0.15429688,0.3010254,74.90854,10.182927,138.75
278,0.7290039,-0.15039063,0.27319336,45.182926,13.993903,136.43294
278,0.82421875,-0.16821289,0.27197266,28.719513,15.152439,122.10366
278,0.9067383,-0.14892578,0.26000977,19.87805,20.243902,101.28049
278,0.91796875,-0.12084961,0.2607422,6.158537,27.835367,70.85366
278,0.9868164,-0.13012695,0.28466797,-1.9512196,30.518293,45.518295
278,1.1074219,-0.107666016,0.29833984,-10.762196,32.317074,19.786587
278,0.94506836,-0.09765625,0.32861328,-29.84756,24.72561,-11.585366
278,1.1044922,-0.17358398,0.33081055,-34.05488,15.54878,-36.15854
278,1.2387695,-0.22705078,0.31835938,-28.841465,-2.3475611,-70.914635
278,0.91308594,-0.3359375,0.47827148,-11.646341,-35.213417,-105.48781
278,0.82470703,-0.33520508,0.5500488,15.914635,-40.94512,-118.65854
278,0.8967285,-0.22680664,0.50268555,32.469513,-42.835365,-112.77439
278,0.9489746,-0.13745117,0.42822266,22.621952,-38.140244,-98.47561
278,0.9223633,-0.11743164,0.3852539,1.6463416,-24.664635,-80.243904
278,0.82470703,-0.1328125,0.35424805,-19.84756,-11.402439,-61.707317
278,0.6574707,-0.16308594,0.37353516,-46.646343,-5.121951,-51.737804
278,0.6833496,-0.2446289,0.36865234,-72.439026,1.1890244,-50.182926
278,0.7314453,-0.3100586,0.37768555,-76.585365,7.012195,-47.134148
278,0.72558594,-0.34033203,0.40576172,-48.780487,6.006098,-43.75
278,0.66381836,-0.36572266,0.41552734,-25.57927,1.0670732,-44.939026
278,0.70214844,-0.41796875,0.4519043,-3.140244,-5.2439027,-49.32927
278,0.90844727,-0.45092773,0.49682617,24.359756,-12.164635,-49.90854
278,1.0085449,-0.42944336,0.49487305,30.182928,-12.347561,-39.146343
278,1.1755371,-0.40185547,0.46923828,21.79878,-12.408537,-19.390244
278,1.4367676,-0.37768555,0.48046875,-2.7439024,-11.067074,10.792684
279,1.0742188,-0.3713379,0.44506836,-20.731709,-2.957317,33.780487
279,0.8449707,-0.33813477,0.34179688,-14.3902445,0.33536586,66.43293
279,1.0549316,-0.3256836,0.24267578,16.25,-6.25,96.189026
279,1.0488281,-0.29248047,0.19189453,39.359756,-6.25,102.28659
279,1.0429688,-0.29467773,0.17651367,53.23171,-10.152439,108.993904
279,0.9379883,-0.23168945,0.21362305,55.18293,-10.030488,112.10366
279,0.81030273,-0.1459961,0.1772461,32.530487,-6.280488,111.03659
279,0.7133789,-0.13183594,0.103027344,1.9817073,-10.487805,105.54878
279,0.77978516,-0.25097656,0.1496582,-9.786586,-26.463415,83.96342
279,0.84643555,-0.24951172,0.17578125,8.932927,-24.085367,67.10366
279,0.7783203,-0.21313477,0.15527344,21.920732,-18.59756,52.621952
279,0.8581543,-0.22998047,0.19482422,34.390244,-16.981709,28.75
279,1.0654297,-0.22338867,0.25512695,44.17683,-11.158537,7.4695125
279,1.1489258,-0.2109375,0.3166504,47.10366,-5.182927,-10.091464
279,1.3178711,-0.18408203,0.32763672,34.085365,-3.5060976,-34.542683
279,1.3000488,-0.17749023,0.3647461,11.463415,-12.134147,-58.719513
279,1.1118164,-0.29052734,0.45361328,-8.292683,-25.914635,-81.097565
279,1.0014648,-0.26293945,0.4519043,-3.7195122,-11.615854,-87.59147
279,0.99780273,-0.18969727,0.35205078,-18.810976,-0.9756098,-79.54269
279,0.9387207,-0.15185547,0.28515625,-33.810978,4.6951222,-70.15244
279,0.8847656,-0.16430664,0.23779297,-35.97561,10.091464,-45.548782
279,0.8737793,-0.24584961,0.27734375,-24.054878,7.9268293,-31.646341
279,0.76586914,-0.23828125,0.28686523,-19.115854,9.542684,-30.70122
279,0.6965332,-0.26171875,0.2355957,-40.30488,19.603659,-35.792683
279,0.6965332,-0.3100586,0.23046875,-35.30488,18.323172,-40.030487
279,0.71118164,-0.33422852,0.2565918,-13.963415,11.493903,-42.865856
279,0.7897949,-0.34570313,0.3166504,7.4390244,5.487805,-47.621952
279,0.73583984,-0.3022461,0.3322754,6.9512196,4.2987804,-47.865856
279,0.7939453,-0.29174805,0.3239746,-3.9634147,3.902439,-44.115856
279,0.9645996,-0.32177734,0.36376953,-16.463415,-0.030487806,-36.40244
279,1.0581055,-0.3215332,0.3762207,-25.42683,-0.51829267,-22.682928
280,1.2792969,-0.36157227,0.39501953,-33.90244,-3.262195,-5.640244
280,1.3293457,-0.40600586,0.43017578,-27.317074,-5.97561,8.47561
280,0.9265137,-0.35595703,0.40625,-12.621951,-4.512195,20.54878
280,0.75390625,-0.3154297,0.3540039,10.97561,-3.75,39.60366
280,0.9272461,-0.30126953,0.34692383,52.286587,-7.2865853,55.975613
280,0.9621582,-0.22705078,0.31518555,64.45122,2.8048782,60.548782
280,0.998291,-0.18896484,0.27172852,57.37805,10.518293,68.2622
280,0.85595703,-0.16601563,0.28564453,37.317074,9.969512,71.493904
280,0.7624512,-0.17993164,0.2770996,22.22561,11.036586,72.835365
280,0.7121582,-0.19946289,0.25805664,12.865854,12.347561,70.60976
280,0.7651367,-0.22875977,0.2368164,17.37805,9.085366,58.048782
280,0.86816406,-0.22290039,0.24389648,28.292683,11.006098,43.414635
280,0.9111328,-0.18237305,0.24536133,33.780487,15.152439,31.25
280,1.041748,-0.15258789,0.27539063,17.591463,22.073172,14.237805
280,1.1704102,-0.1394043,0.2836914,-2.1341465,27.591465,1.890244
280,1.0690918,-0.12939453,0.3173828,-28.384148,26.341465,-9.02439
280,1.2094727,-0.20117188,0.31469727,-43.20122,19.542683,-21.280489
280,1.2692871,-0.24291992,0.3161621,-41.98171,7.408537,-39.84756
280,0.9213867,-0.26879883,0.38598633,-33.719513,-7.378049,-54.085365
280,0.73999023,-0.2211914,0.41479492,-9.512196,-15.762196,-57.40854
280,0.84155273,-0.22290039,0.41552734,1.4939024,-23.414635,-51.55488
280,0.89453125,-0.19628906,0.41992188,13.628049,-23.47561,-45.70122
280,0.9169922,-0.15722656,0.37817383,16.432928,-20.609756,-35.548782
280,0.7976074,-0.14257813,0.38012695,5.7317076,-16.341463,-34.420734
280,0.6447754,-0.15283203,0.40063477,-11.371951,-12.286586,-35.091465
280,0.5913086,-0.18383789,0.36157227,-33.17073,-1.2804878,-35.518295
280,0.67333984,-0.21020508,0.3395996,-37.10366,3.323171,-35.121952
280,0.7402344,-0.25927734,0.35791016,-30.304878,3.75,-36.463417
280,0.73168945,-0.3244629,0.4404297,-17.195122,-0.36585367,-37.560978
280,0.78149414,-0.37231445,0.50146484,-7.164634,-6.52439,-40.30488
280,0.90649414,-0.390625,0.5354004,2.835366,-10.579268,-41.646343
281,1.0544434,-0.35498047,0.5419922,0.88414633,-6.615854,-34.72561
281,1.2897949,-0.36010742,0.49926758,-9.02439,-3.5365853,-22.37805
281,1.4018555,-0.36523438,0.5048828,-16.737804,-2.987805,-8.658537
281,0.8691406,-0.34375,0.4645996,-23.871952,6.554878,20.274391
281,0.7558594,-0.3095703,0.3996582,-12.256098,9.542684,54.05488
281,1.0432129,-0.31933594,0.3569336,10.884147,7.3170733,75.97561
281,1.0192871,-0.30029297,0.32348633,36.768295,13.1402445,85.45732
281,0.97998047,-0.27514648,0.31689453,52.957317,13.1402445,89.05488
281,0.89746094,-0.22241211,0.33569336,53.262196,13.445123,88.78049
281,0.69433594,-0.18579102,0.33935547,32.19512,13.384147,85.45732
281,0.6557617,-0.20092773,0.30322266,19.664635,12.530488,83.04878
281,0.7260742,-0.23828125,0.28320313,23.90244,7.4390244,69.847565
281,0.8017578,-0.24291992,0.2788086,41.95122,9.176829,49.207317
281,0.845459,-0.20727539,0.28051758,50.27439,14.512196,35.42683
281,0.97753906,-0.17211914,0.29785156,43.323174,20.457317,21.12805
281,1.1660156,-0.11401367,0.3203125,11.79878,27.560976,2.1036587
281,1.0227051,-0.06665039,0.32885742,-30.274391,26.615854,-9.237805
281,1.0888672,-0.16235352,0.35180664,-63.65854,19.420732,-20
281,1.2155762,-0.26416016,0.41015625,-60.457317,0.30487806,-49.237804
281,0.8449707,-0.24658203,0.49853516,-50.30488,-12.073171,-65.27439
281,0.6828613,-0.25463867,0.52783203,-32.042683,-18.262196,-68.32317
281,0.84399414,-0.21191406,0.5192871,-3.4756098,-24.84756,-65.60976
281,0.87524414,-0.17211914,0.47387695,3.323171,-23.262196,-61.15854
281,0.91015625,-0.16235352,0.41796875,0.79268295,-22.22561,-60.365856
281,0.7722168,-0.18579102,0.40429688,-3.6585367,-13.597561,-61.28049
281,0.62524414,-0.1796875,0.40893555,-15.487805,-7.9573174,-59.48171
281,0.6159668,-0.22070313,0.40283203,-32.957317,-1.6463416,-61.493904
281,0.6894531,-0.31323242,0.39038086,-35.94512,1.5243902,-63.170734
281,0.7319336,-0.39086914,0.39819336,-18.445122,-0.70121956,-62.286587
281,0.7553711,-0.4255371,0.40942383,2.3475611,-4.359756,-58.59756
282,0.8039551,-0.43774414,0.45947266,18.567074,-10.426829,-50.762196
282,0.92333984,-0.44189453,0.4975586,23.170732,-11.707317,-40.213417
282,1.0522461,-0.41845703,0.50146484,18.47561,-8.445122,-23.689026
282,1.378418,-0.43579102,0.49926758,5.518293,-7.3170733,-1.097561
282,1.3623047,-0.40429688,0.54003906,-8.506098,-2.3475611,13.871951
282,0.9694824,-0.3527832,0.49975586,-23.323172,9.756098,41.189026
282,0.91503906,-0.29907227,0.39282227,-8.292683,11.402439,87.0122
282,1.0480957,-0.28759766,0.3552246,14.176829,14.45122,102.95732
282,0.9892578,-0.26489258,0.30517578,30.121952,19.695122,106.79878
282,0.9838867,-0.23461914,0.30810547,43.35366,17.957317,105.18293
282,0.8840332,-0.21069336,0.3383789,41.52439,14.359756,103.201225
282,0.75097656,-0.17749023,0.34814453,32.042683,14.146341,103.597565
282,0.6791992,-0.15844727,0.3076172,11.219513,10.54878,98.201225
282,0.7429199,-0.19970703,0.296875,6.9817076,4.878049,81.43293
282,0.8034668,-0.203125,0.2890625,15,5.97561,61.615856
282,0.87280273,-0.21606445,0.28564453,29.634148,9.207317,34.664635
282,0.9970703,-0.20361328,0.30981445,37.469513,13.1707325,10.396341
282,1.0183105,-0.17138672,0.32666016,31.615854,17.469513,-14.664635
282,0.87231445,-0.14233398,0.35839844,3.140244,14.847561,-38.780487
282,1.1306152,-0.22363281,0.3408203,-22.256098,6.52439,-64.57317
282,1.1796875,-0.27075195,0.38134766,-37.865856,-9.085366,-98.871956
282,0.8808594,-0.33935547,0.49658203,-42.530487,-23.140244,-120.426834
282,0.8859863,-0.32958984,0.5031738,-28.658537,-24.207317,-117.2561
282,0.96899414,-0.2866211,0.48413086,-12.22561,-29.512196,-102.22561
282,0.8562012,-0.22607422,0.42236328,1.4024391,-26.524391,-74.756096
282,0.8183594,-0.19384766,0.38061523,8.018292,-21.310976,-47.80488
282,0.7363281,-0.15673828,0.36132813,6.128049,-16.067074,-28.109756
282,0.63916016,-0.13769531,0.37768555,-18.353659,-5.7012196,-17.317074
282,0.6608887,-0.18969727,0.39575195,-41.95122,2.8658538,-16.463415
282,0.6711426,-0.25634766,0.4128418,-46.67683,6.7987804,-16.341463
282,0.6738281,-0.31274414,0.46948242,-32.621952,3.5060976,-16.189024
283,0.6550293,-0.3540039,0.50268555,-16.615854,-2.6219513,-18.62805
283,0.74975586,-0.36572266,0.5085449,0.24390244,-9.512196,-23.841463
283,0.93237305,-0.37426758,0.51586914,17.22561,-16.09756,-28.719513
283,1.1230469,-0.38549805,0.50439453,16.09756,-12.743903,-27.896341
283,1.4560547,-0.41796875,0.4987793,10.396341,-13.47561,-24.908537
283,1.142334,-0.390625,0.51049805,-7.6219516,-3.9939024,-7.530488
283,0.8808594,-0.38891602,0.4248047,-5.5487804,5.7012196,29.512196
283,1.0893555,-0.36889648,0.3671875,25.091463,-1.25,63.262196
283,1.0380859,-0.30859375,0.31982422,49.45122,8.536586,80.7622
283,0.9897461,-0.27270508,0.31396484,54.298782,12.865854,93.75
283,0.87060547,-0.21655273,0.32055664,49.05488,12.5,100.914635
283,0.68188477,-0.18383789,0.30419922,33.292683,13.353659,112.10366
283,0.6687012,-0.19750977,0.2746582,22.987806,12.195122,115
283,0.7373047,-0.21972656,0.2607422,19.908537,10.457317,104.69512
283,0.7692871,-0.23583984,0.27563477,29.45122,9.054878,79.5122
283,0.7993164,-0.24853516,0.2890625,35.609756,10.152439,55.15244
283,0.9748535,-0.26416016,0.33691406,42.469513,11.920732,30.70122
283,1.2487793,-0.16186523,0.35180664,39.542683,19.939024,1.7682927
283,1.0241699,-0.106933594,0.3881836,9.146341,17.865854,-10.182927
283,1.1518555,-0.15917969,0.4038086,-15.121952,13.963415,-24.054878
283,1.2351074,-0.21801758,0.41064453,-23.993902,-3.5365853,-56.646343
283,0.8647461,-0.25927734,0.50512695,-23.231709,-18.536587,-72.621956
283,0.736084,-0.25585938,0.51538086,-8.689025,-21.09756,-75.79269
283,0.86376953,-0.16015625,0.46606445,4.420732,-22.621952,-61.12805
283,0.90722656,-0.11816406,0.40356445,1.9817073,-22.896341,-51.341465
283,0.8671875,-0.11010742,0.3474121,-0.70121956,-20.304878,-41.646343
283,0.67285156,-0.12719727,0.3413086,-3.5975611,-12.164635,-39.085365
283,0.5292969,-0.15234375,0.37695313,-19.45122,-11.189025,-46.219513
283,0.54467773,-0.24145508,0.39941406,-38.5061,-7.4390244,-54.786587
283,0.6179199,-0.2993164,0.39794922,-29.45122,-2.2560976,-59.146343
283,0.6464844,-0.31396484,0.38793945,-9.420732,-4.5731707,-57.19512
284,0.7126465,-0.33911133,0.43652344,2.0731707,-10,-56.920734
284,0.8708496,-0.38720703,0.52490234,6.920732,-14.786586,-56.310978
284,0.953125,-0.3815918,0.5354004,3.628049,-12.408537,-51.98171
284,1.0200195,-0.35205078,0.51953125,-10.426829,-9.146341,-42.530487
284,1.479248,-0.39208984,0.51049805,-30.945122,-9.664635,-22.286587
284,1.4228516,-0.39770508,0.55029297,-47.073174,-4.847561,-5.2439027
284,0.88500977,-0.39160156,0.4963379,-51.310978,6.0365853,23.75
284,0.96313477,-0.3659668,0.40893555,-10.457317,-0.33536586,73.90244
284,1.0393066,-0.32543945,0.36083984,26.95122,2.7134147,86.768295
284,0.9025879,-0.27978516,0.31518555,47.225613,6.3109756,94.69512
284,0.90185547,-0.21533203,0.31689453,62.073174,5.396342,99.54269
284,0.7932129,-0.15063477,0.33740234,56.28049,4.1768293,100.67073
284,0.67993164,-0.122558594,0.33618164,34.57317,7.2865853,101.98171
284,0.7019043,-0.16186523,0.31274414,10.213415,7.042683,92.59147
284,0.76416016,-0.2163086,0.2890625,10.091464,5.2439027,72.22561
284,0.8461914,-0.22290039,0.2849121,20.182928,7.7134147,50.487804
284,0.94018555,-0.17700195,0.29711914,32.743904,12.987805,21.189024
284,1.0888672,-0.16015625,0.31201172,25.15244,17.560976,0.85365856
284,1.109375,-0.11816406,0.3400879,4.512195,19.542683,-20.853659
284,1.0422363,-0.15625,0.36523438,-33.23171,12.22561,-40.243904
284,1.3293457,-0.24731445,0.34057617,-45.243904,3.902439,-61.371952
284,1.2114258,-0.31811523,0.41992188,-38.170734,-16.219513,-85.121956
284,0.79833984,-0.3239746,0.560791,-7.560976,-32.80488,-88.96342
284,0.76464844,-0.2602539,0.5332031,13.018293,-30.762196,-69.87805
284,0.84887695,-0.16210938,0.45654297,20.304878,-27.835367,-44.786587
284,0.8498535,-0.05444336,0.3491211,9.268293,-17.34756,-20.609756
284,0.77905273,-0.05908203,0.31298828,-3.5670733,-9.29878,-13.231708
284,0.61694336,-0.08081055,0.33154297,-21.737806,-2.1036587,-11.493903
284,0.5527344,-0.17138672,0.36035156,-55.30488,4.8170733,-21.432928
284,0.67089844,-0.2932129,0.3840332,-61.798782,11.158537,-28.231709
285,0.7385254,-0.33325195,0.4020996,-42.530487,12.103659,-30.060976
285,0.72680664,-0.29614258,0.4230957,-19.603659,3.902439,-37.34756
285,0.7409668,-0.30493164,0.4404297,-17.073172,-3.4146342,-43.292683
285,0.8305664,-0.34179688,0.48168945,-13.47561,-10.914635,-49.90854
285,0.9902344,-0.32373047,0.4951172,-11.341464,-10.54878,-53.20122
285,1.3210449,-0.36865234,0.47607422,-21.585367,-9.939025,-51.15854
285,1.6918945,-0.39013672,0.517334,-28.231709,-12.5,-45.487804
285,0.8774414,-0.33520508,0.4658203,-51.189026,0.8231708,-23.59756
285,0.75756836,-0.35668945,0.40795898,-32.34756,0.21341464,23.140244
285,1.0126953,-0.36450195,0.3762207,18.231709,-12.987805,47.896343
285,0.9416504,-0.32910156,0.31347656,60.548782,-3.6585367,67.439026
285,0.9736328,-0.24975586,0.32250977,77.164635,1.097561,79.45122
285,0.8510742,-0.13842773,0.3310547,75.36585,5.2134147,86.98171
285,0.6452637,-0.09716797,0.31054688,36.768295,7.9573174,92.86585
285,0.64575195,-0.17797852,0.2932129,10.6402445,7.530488,87.5
285,0.72753906,-0.22924805,0.28051758,10.152439,7.5,73.53659
285,0.82470703,-0.23388672,0.27026367,23.07927,11.402439,49.84756
285,0.9165039,-0.19433594,0.26489258,28.353659,15.945123,32.682926
285,1.0354004,-0.14941406,0.29101563,20.762196,21.219513,15
285,1.2033691,-0.11669922,0.31469727,-4.6951222,27.682928,-5.0609756
285,1.0627441,-0.103271484,0.33520508,-29.939026,24.786587,-15.091464
285,1.2988281,-0.16821289,0.29077148,-46.432926,19.359756,-26.463415
285,1.2177734,-0.24023438,0.31201172,-44.512196,-8.414635,-59.08537
285,0.8376465,-0.32666016,0.47216797,-25.914635,-29.817074,-69.96951
285,0.72143555,-0.2902832,0.5019531,10.6402445,-29.146341,-66.43293
285,0.86328125,-0.20043945,0.41479492,40.670734,-36.25,-41.82927
285,0.86938477,-0.099609375,0.35180664,41.52439,-30.42683,-30.640245
285,0.8498535,-0.047607422,0.32617188,24.664635,-22.012196,-21.859756
285,0.64208984,-0.049072266,0.3371582,-6.7073174,-8.841464,-20
285,0.56518555,-0.1081543,0.36157227,-36.15854,0.57926834,-22.92683
285,0.64038086,-0.1940918,0.3479004,-57.225613,11.646341,-26.09756
286,0.7414551,-0.29492188,0.36401367,-41.0061,12.5,-27.103659
286,0.78222656,-0.31201172,0.4140625,-19.512196,6.128049,-30.670732
286,0.7590332,-0.296875,0.4555664,-13.20122,1.0060976,-33.35366
286,0.79663086,-0.31323242,0.45776367,-13.018293,-5.8841467,-35.30488
286,0.9501953,-0.33789063,0.46801758,-9.237805,-8.993902,-37.621952
286,1.1101074,-0.32910156,0.46069336,-10.152439,-6.554878,-36.890244
286,1.4680176,-0.37939453,0.47924805,-19.756098,-6.920732,-33.567074
286,1.2253418,-0.35717773,0.4987793,-31.82927,-3.0792685,-26.189026
286,0.9121094,-0.3503418,0.40771484,-37.530487,8.20122,2.1341465
286,1.0478516,-0.32592773,0.34423828,0.12195122,2.5609756,45.518295
286,1.0158691,-0.29077148,0.29785156,31.158537,5.8536587,66.768295
286,0.9892578,-0.2697754,0.2890625,50.518295,7.8353662,84.81708
286,0.8845215,-0.15795898,0.28881836,56.25,9.695122,97.560974
286,0.7512207,-0.13647461,0.27734375,36.493904,10.914635,103.47561
286,0.66259766,-0.14990234,0.25927734,15.152439,11.158537,102.5
286,0.70751953,-0.22241211,0.25317383,6.402439,7.560976,85.335365
286,0.7807617,-0.26416016,0.25634766,15.365854,6.432927,66.21951
286,0.84155273,-0.25390625,0.2548828,26.79878,7.77439,44.786587
286,0.92211914,-0.21240234,0.26342773,29.085367,11.981708,16.615854
286,1.0891113,-0.21777344,0.2927246,22.621952,15.243903,-3.8719513
286,1.0961914,-0.1784668,0.31933594,10.853659,16.67683,-23.414635
286,1.0776367,-0.2109375,0.3347168,-15.853659,10.609756,-41.493904
286,1.3139648,-0.26098633,0.31689453,-26.524391,3.0792685,-64.72561
286,1.1279297,-0.3215332,0.37646484,-28.323172,-17.164635,-89.7561
286,0.77197266,-0.32983398,0.5012207,-13.079268,-31.09756,-94.54269
286,0.7895508,-0.30151367,0.49560547,9.45122,-31.95122,-77.31708
286,0.89624023,-0.23120117,0.44140625,29.29878,-33.75,-50.57927
286,0.90771484,-0.12207031,0.3461914,37.5,-23.871952,-19.695122
286,0.8156738,-0.056152344,0.31347656,26.585367,-16.707317,-5.2439027
286,0.63964844,-0.049316406,0.3322754,0.30487806,-9.115854,0.6097561
286,0.5449219,-0.1027832,0.34985352,-44.268295,3.6585367,-2.5
287,0.61938477,-0.20532227,0.32836914,-59.115856,12.713415,-5.97561
287,0.7121582,-0.26635742,0.3474121,-47.92683,15.060976,-7.652439
287,0.7871094,-0.30493164,0.39160156,-18.871952,8.689025,-14.756098
287,0.7717285,-0.29077148,0.44335938,-6.920732,0.24390244,-21.371952
287,0.82788086,-0.30151367,0.47583008,0.27439025,-8.628049,-28.353659
287,1.0109863,-0.31225586,0.5095215,6.646342,-15.884147,-37.073174
287,1.2441406,-0.3154297,0.48706055,2.4085367,-13.109756,-39.817074
287,1.5561523,-0.32495117,0.5061035,-6.8597565,-12.408537,-45.335365
287,0.99731445,-0.26586914,0.4819336,-34.085365,-2.2865853,-32.65244
287,0.7233887,-0.27416992,0.40625,-41.82927,9.786586,1.9512196
287,1.0144043,-0.29736328,0.3642578,-10.060976,1.7682927,36.737804
287,0.9675293,-0.2932129,0.30615234,33.963417,5.0914636,60.03049
287,0.9614258,-0.28344727,0.28833008,56.52439,8.414635,71.371956
287,0.89282227,-0.18286133,0.3046875,63.44512,10.762196,75.426834
287,0.6472168,-0.13208008,0.29785156,31.036587,13.75,76.52439
287,0.5854492,-0.18652344,0.26538086,4.72561,14.3902445,76.097565
287,0.6660156,-0.234375,0.25146484,4.6036587,8.536586,66.097565
287,0.83740234,-0.26586914,0.25146484,23.353659,6.646342,46.432926
287,0.95874023,-0.22509766,0.25854492,30.823172,10.487805,29.634148
287,1.036377,-0.17700195,0.27807617,26.036587,15.762196,15.091464
287,1.1745605,-0.15283203,0.30419922,6.1890244,22.469513,-0.7621951
287,1.0861816,-0.12719727,0.3215332,-14.359756,19.085367,-11.341464
287,1.1542969,-0.18676758,0.34301758,-33.5061,13.1402445,-20.42683
287,1.3740234,-0.28198242,0.34692383,-34.237804,-4.268293,-45.27439
287,0.998291,-0.31713867,0.43579102,-20.030489,-26.067074,-66.40244
287,0.689209,-0.3005371,0.50634766,5.640244,-34.57317,-68.23171
287,0.7331543,-0.2331543,0.4506836,36.95122,-33.65854,-41.95122
287,0.8173828,-0.12060547,0.35888672,41.310978,-24.786587,-19.32927
287,0.8703613,-0.025878906,0.29101563,25.640245,-17.469513,-4.6036587
287,0.77685547,-0.045654297,0.30200195,1.3719512,-5.152439,0.8231708
288,0.5974121,-0.05883789,0.33691406,-23.59756,-0.15243903,-0.4878049
288,0.57299805,-0.13183594,0.33374023,-55.42683,7.9268293,-8.47561
288,0.69970703,-0.25854492,0.3347168,-58.323174,15.945123,-14.603659
288,0.75561523,-0.2685547,0.34692383,-32.134148,12.713415,-18.414635
288,0.77905273,-0.26708984,0.37182617,-12.164635,4.6341467,-24.390244
288,0.8383789,-0.28930664,0.45117188,4.1463413,-8.689025,-32.80488
288,0.8835449,-0.31591797,0.5041504,12.22561,-14.146341,-39.817074
288,0.9572754,-0.2993164,0.52441406,12.896341,-13.902439,-46.219513
288,1.3508301,-0.29467773,0.50341797,-3.6890244,-10.243902,-53.62805
288,1.5285645,-0.29589844,0.52124023,-27.560976,-6.920732,-54.17683
288,1.0498047,-0.2800293,0.48779297,-52.2561,4.9390244,-40.670734
288,0.8942871,-0.32836914,0.39208984,-43.475613,12.926829,12.591464
288,1.0585938,-0.3203125,0.36083984,0.36585367,4.085366,41.280487
288,0.9716797,-0.29882813,0.31103516,33.23171,7.8353662,62.2561
288,0.87280273,-0.22509766,0.28076172,60.15244,7.560976,77.89635
288,0.7453613,-0.15356445,0.30419922,58.871952,5.365854,81.12805
288,0.5961914,-0.13330078,0.30566406,36.615856,8.1402445,81.79878
288,0.6213379,-0.21435547,0.28442383,9.512196,11.067074,74.664635
288,0.7524414,-0.22338867,0.26098633,12.164635,10.670732,61.0061
288,0.8535156,-0.20019531,0.24707031,17.042683,12.835366,42.896343
288,0.9729004,-0.1652832,0.2548828,15.365854,16.646341,20.274391
288,1.0710449,-0.14941406,0.28637695,3.902439,19.664635,5.9451222
288,1.1716309,-0.14575195,0.30639648,-12.286586,20.213415,-5.8231707
288,1.0510254,-0.13916016,0.3334961,-28.536587,11.859756,-18.47561
288,1.3552246,-0.19091797,0.32202148,-29.390245,5.518293,-32.5
288,1.3527832,-0.23901367,0.35351563,-28.20122,-10.6402445,-55.42683
288,0.82177734,-0.28759766,0.5385742,-4.664634,-35.609756,-70.39634
288,0.68725586,-0.24584961,0.5473633,20.091463,-35.091465,-62.621952
288,0.7963867,-0.17114258,0.4724121,27.439026,-29.481709,-35.85366
288,0.8383789,0.024169922,0.31958008,9.939025,-12.378049,-12.439025
288,0.8183594,0.020507813,0.27563477,-11.8902445,-5.2134147,-6.737805
289,0.69384766,-0.04272461,0.31225586,-28.59756,2.8658538,-5.182927
289,0.56811523,-0.13891602,0.33569336,-54.84756,10.853659,-16.707317
289,0.6376953,-0.25830078,0.34228516,-63.59756,19.420732,-22.65244
289,0.7351074,-0.29516602,0.36791992,-41.189026,20.57927,-23.140244
289,0.7895508,-0.2775879,0.40014648,-9.878049,8.658537,-27.469513
289,0.7766113,-0.31030273,0.43115234,-4.664634,0.6707317,-31.890245
289,0.8574219,-0.35766602,0.4741211,3.7195122,-4.72561,-37.77439
289,0.96191406,-0.34399414,0.50146484,8.506098,-8.384147,-40.97561
289,1.0856934,-0.32421875,0.47338867,-4.4817076,-5.0609756,-40.884148
289,1.4831543,-0.35498047,0.47558594,-21.189024,-5.9451222,-39.45122
289,1.0839844,-0.36743164,0.5131836,-39.512196,-3.780488,-28.384148
289,0.79541016,-0.35058594,0.41333008,-41.82927,10.518293,6.554878
289,0.9963379,-0.3557129,0.35766602,-12.987805,0.09146342,40
289,0.97875977,-0.35498047,0.3269043,41.859756,-2.957317,63.75
289,0.9238281,-0.29370117,0.32202148,69.78659,0.5487805,77.347565
289,0.85424805,-0.18334961,0.32202148,76.89024,2.042683,84.268295
289,0.6496582,-0.118896484,0.30981445,51.920734,4.4512196,89.87805
289,0.61157227,-0.1628418,0.28930664,29.542685,5.487805,86.493904
289,0.70288086,-0.21875,0.27514648,25.640245,4.878049,73.689026
289,0.84033203,-0.22998047,0.27172852,35.792683,4.908537,49.48171
289,0.93066406,-0.20947266,0.27856445,38.780487,8.536586,30.70122
289,1.0126953,-0.15820313,0.29296875,31.12805,13.810976,16.615854
289,1.2250977,-0.13452148,0.31030273,8.353659,20.335367,0.36585367
289,1.1599121,-0.083740234,0.32177734,-13.079268,20.213415,-7.682927
289,1.1845703,-0.10913086,0.30664063,-33.262196,17.256098,-14.085366
289,1.3413086,-0.1496582,0.2861328,-44.359756,3.2317073,-39.05488
289,0.95751953,-0.21899414,0.37036133,-42.378048,-20.762196,-57.286587
289,0.7141113,-0.27514648,0.49169922,-21.189024,-29.054878,-64.63415
289,0.7324219,-0.21923828,0.46606445,16.006098,-33.65854,-50.73171
289,0.8041992,-0.1809082,0.40283203,29.817074,-34.542683,-38.841465
290,0.88183594,-0.107666016,0.3359375,29.695122,-27.37805,-28.47561
290,0.7668457,-0.07080078,0.30908203,9.939025,-16.554878,-25.97561
290,0.6069336,-0.09301758,0.33374023,-13.628049,-8.170732,-26.036587
290,0.58935547,-0.17041016,0.3491211,-36.82927,1.2195122,-28.07927
290,0.73339844,-0.25683594,0.34277344,-35.884148,9.29878,-26.67683
290,0.82128906,-0.29370117,0.3774414,-15.762196,4.72561,-25.670732
290,0.83447266,-0.3010254,0.43652344,-2.1036587,-1.5243902,-29.146341
290,0.78149414,-0.3010254,0.48168945,-2.5,-6.2195125,-30
290,0.8823242,-0.3149414,0.4951172,0.51829267,-8.871951,-34.48171
290,1.0292969,-0.30737305,0.4892578,0.57926834,-7.9268293,-33.414635
290,1.5734863,-0.32543945,0.47436523,-7.7439027,-3.5060976,-29.17683
290,1.3474121,-0.27783203,0.47924805,-25.274391,-0.79268295,-24.390244
290,0.9177246,-0.2722168,0.41967773,-46.280487,11.493903,0.4878049
290,0.81640625,-0.29370117,0.34545898,-25.182928,5.5487804,44.115856
290,1.0114746,-0.31298828,0.31298828,17.987804,0.33536586,65.7622
290,0.98461914,-0.27294922,0.28564453,46.341465,2.8048782,77.621956
290,0.9445801,-0.17822266,0.28100586,57.469513,7.896342,82.95732
290,0.80371094,-0.13598633,0.2758789,44.237804,6.768293,82.13415
290,0.6623535,-0.14575195,0.26464844,21.310976,6.6768293,78.993904
290,0.63793945,-0.20727539,0.24291992,9.817074,4.1463413,69.35976
290,0.736084,-0.24267578,0.23535156,15.97561,2.835366,53.323174
290,0.8276367,-0.24975586,0.24414063,28.567074,3.0182927,35.518295
290,0.9133301,-0.18017578,0.26000977,26.920732,9.085366,13.628049
290,1.0129395,-0.18383789,0.28979492,11.981708,13.536586,1.890244
290,1.1574707,-0.1940918,0.3215332,2.4085367,16.219513,-7.9573174
290,1.0527344,-0.16845703,0.3671875,-11.615854,11.097561,-19.207317
290,1.1911621,-0.22192383,0.35839844,-20.243902,7.865854,-27.195122
290,1.3479004,-0.25708008,0.3564453,-18.90244,-2.7134147,-43.963417
290,0.94433594,-0.29663086,0.4765625,-8.902439,-25.213415,-63.689026
290,0.7338867,-0.25048828,0.50805664,1.1585367,-26.737806,-61.798782
290,0.7529297,-0.20703125,0.47802734,3.8109758,-23.353659,-44.237804
291,0.8522949,-0.115234375,0.37353516,3.932927,-15.609756,-19.695122
291,0.88623047,-0.07299805,0.30786133,-0.945122,-9.664635,-6.737805
291,0.8132324,-0.09277344,0.3215332,-7.1951222,-4.756098,-2.5304878
291,0.58984375,-0.08862305,0.36914063,-29.603659,3.75,-4.9695125
291,0.56762695,-0.16577148,0.35253906,-49.02439,10.27439,-11.737805
291,0.673584,-0.23828125,0.3425293,-45.884148,13.292684,-16.707317
291,0.80200195,-0.2944336,0.375,-16.310976,6.402439,-21.920732
291,0.8171387,-0.29101563,0.42504883,0.27439025,-0.6707317,-27.713415
291,0.76220703,-0.2919922,0.4597168,6.3414636,-7.4390244,-31.493904
291,0.84472656,-0.2915039,0.47680664,6.890244,-12.134147,-36.615856
291,0.95043945,-0.27905273,0.4777832,-0.45731708,-10.27439,-39.48171
291,1.2211914,-0.29760742,0.45629883,-11.859756,-6.646342,-41.128048
291,1.4594727,-0.34228516,0.5019531,-25.060976,-7.042683,-38.170734
291,0.953125,-0.30932617,0.47753906,-38.20122,1.5243902,-25.640245
291,0.7788086,-0.32470703,0.40527344,-34.664635,9.420732,8.567074
291,1.0227051,-0.33129883,0.36328125,8.170732,0.36585367,37.2561
291,1.013916,-0.3010254,0.33032227,32.40854,6.768293,54.90854
291,1.0061035,-0.2265625,0.31933594,44.969513,10.518293,70.03049
291,0.8269043,-0.15454102,0.33813477,39.512196,8.506098,82.89635
291,0.6826172,-0.16430664,0.33935547,20.70122,8.871951,86.92073
291,0.6425781,-0.19946289,0.31176758,8.810976,10.70122,85.426834
291,0.7392578,-0.2133789,0.28979492,15.884147,8.536586,66.98171
291,0.7915039,-0.20336914,0.28637695,22.835367,11.52439,50.762196
291,0.81396484,-0.16088867,0.28149414,21.310976,15.945123,34.939026
291,0.92407227,-0.17211914,0.30151367,3.5670733,18.90244,12.957317
291,1.0993652,-0.19433594,0.3251953,-4.512195,19.481709,-3.6585367
291,1.0373535,-0.17529297,0.3425293,-10.54878,16.79878,-18.140244
291,1.1711426,-0.2409668,0.35620117,-16.859756,8.993902,-34.634148
291,1.3415527,-0.2697754,0.35180664,-11.95122,-4.9390244,-54.69512
291,1.0568848,-0.31469727,0.44995117,-9.542684,-24.17683,-76.43293
291,0.68408203,-0.27929688,0.52856445,5.152439,-31.219513,-76.79878
292,0.7416992,-0.24243164,0.48413086,11.25,-26.890245,-57.591465
292,0.83374023,-0.1538086,0.40405273,10.579268,-20.274391,-36.09756
292,0.90405273,-0.09277344,0.31396484,1.6158537,-11.036586,-14.4207325
292,0.8647461,-0.11401367,0.31933594,-6.402439,-3.75,-6.646342
292,0.66796875,-0.13256836,0.37670898,-21.40244,0.06097561,-5.4268293
292,0.6142578,-0.2265625,0.40649414,-43.414635,7.256098,-10.670732
292,0.6640625,-0.28564453,0.41601563,-40.792683,10.091464,-13.1707325
292,0.7102051,-0.30078125,0.42163086,-20.060976,7.1951222,-15.579268
292,0.74072266,-0.27148438,0.4296875,0.6707317,0.30487806,-23.231709
292,0.7260742,-0.25634766,0.44604492,-0.12195122,-4.237805,-28.231709
292,0.8305664,-0.28076172,0.46801758,-2.042683,-4.542683,-31.554878
292,1.015625,-0.27783203,0.4543457,-5.9451222,-2.378049,-33.841465
292,1.2541504,-0.28833008,0.4375,-18.414635,-0.09146342,-31.310976
292,1.5544434,-0.3239746,0.46606445,-33.44512,-0.70121956,-28.04878
292,1.0769043,-0.31640625,0.4580078,-55.57927,3.3841465,-13.079268
292,0.751709,-0.30566406,0.37695313,-50.30488,5.670732,14.634147
292,0.91674805,-0.35473633,0.33740234,-9.969512,-5.4268293,38.44512
292,0.9592285,-0.31103516,0.30859375,46.15854,-4.3292685,53.109756
292,0.97875977,-0.22045898,0.30615234,64.45122,0.030487806,62.286587
292,0.9074707,-0.14794922,0.30639648,63.475613,0.9756098,66.097565
292,0.67163086,-0.107421875,0.30395508,31.646341,1.2195122,65.03049
292,0.61206055,-0.16430664,0.29833984,8.262196,1.3719512,58.109756
292,0.6813965,-0.22509766,0.28295898,6.3719516,1.6463416,43.719513
292,0.78100586,-0.22729492,0.2536621,21.79878,6.128049,23.170732
292,0.859375,-0.20703125,0.24536133,30.54878,9.573171,10.518293
292,0.88720703,-0.18237305,0.26831055,26.09756,12.896341,1.2195122
292,1.0683594,-0.21972656,0.32250977,13.414635,15,-8.445122
292,1.1210938,-0.19116211,0.34228516,3.140244,16.920732,-15
292,1.1108398,-0.2043457,0.35791016,-14.786586,16.067074,-20.182928
292,1.3986816,-0.2775879,0.359375,-20.42683,7.896342,-33.109756
293,1.1030273,-0.27661133,0.4255371,-18.62805,-8.47561,-48.292683
293,0.7451172,-0.27807617,0.4987793,-14.237805,-16.859756,-49.32927
293,0.73828125,-0.25073242,0.4880371,5.8536587,-19.085367,-30.15244
293,0.83618164,-0.1665039,0.42456055,15.945123,-15.518293,-11.737805
293,0.845459,-0.0769043,0.33764648,12.835366,-8.963415,5.792683
293,0.8522949,-0.087402344,0.29345703,-0.6097561,-3.5670733,14.207317
293,0.70581055,-0.12548828,0.35229492,-10.914635,-2.9268293,7.865854
293,0.6218262,-0.19360352,0.40600586,-23.20122,-1.4634147,-1.9817073
293,0.6257324,-0.25732422,0.39672852,-28.871952,7.3475614,-11.158537
293,0.65966797,-0.24731445,0.36328125,-13.292684,3.3841465,-17.22561
293,0.7150879,-0.25805664,0.37109375,0.33536586,-2.6219513,-24.420732
293,0.7578125,-0.25073242,0.42456055,5.7317076,-6.2195125,-28.689026
293,0.7944336,-0.26538086,0.44970703,3.5670733,-8.262196,-31.79878
293,0.87475586,-0.28027344,0.46484375,1.0060976,-9.115854,-33.780487
293,1.0273438,-0.27416992,0.46484375,-5.7317076,-7.256098,-31.463415
293,1.3132324,-0.32299805,0.45996094,-15.6402445,-7.987805,-27.408537
293,1.4560547,-0.33935547,0.48657227,-25,-7.164634,-23.658537
293,0.9182129,-0.3088379,0.4165039,-35.85366,1.25,-8.079268
293,0.8154297,-0.32299805,0.35839844,-22.713415,0.945122,19.542683
293,1.0275879,-0.3466797,0.35742188,16.463415,-7.682927,37.65244
293,0.9758301,-0.25732422,0.3347168,52.68293,-0.33536586,53.78049
293,0.95532227,-0.19165039,0.30786133,53.414635,2.835366,63.44512
293,0.8625488,-0.1352539,0.30859375,42.2561,-0.12195122,68.29269
293,0.66796875,-0.15258789,0.30249023,16.158537,-1.9512196,66.55488
293,0.6245117,-0.19189453,0.30151367,5.762195,-1.8597561,59.45122
293,0.7145996,-0.21533203,0.2849121,9.207317,-0.12195122,43.23171
293,0.8208008,-0.23022461,0.2529297,23.567074,6.2195125,21.554878
293,0.8498535,-0.17260742,0.24389648,28.07927,12.164635,8.658537
293,0.90893555,-0.18554688,0.2590332,16.554878,15.518293,-1.4939024
293,1.1013184,-0.2211914,0.30395508,3.5975611,17.65244,-14.02439
293,1.0380859,-0.20727539,0.32641602,-6.8292685,15.97561,-23.07927
294,1.1784668,-0.2668457,0.3305664,-18.170732,12.77439,-27.92683
294,1.3339844,-0.27685547,0.34985352,-16.067074,-0.21341464,-44.725613
294,0.96240234,-0.28515625,0.4375,-19.45122,-15.945123,-52.286587
294,0.6796875,-0.2631836,0.46972656,-16.219513,-18.567074,-45.121952
294,0.77319336,-0.24853516,0.46826172,1.1280488,-24.603659,-22.073172
294,0.9321289,-0.19628906,0.4267578,17.896341,-20.823172,-4.847561
294,0.96362305,-0.118896484,0.38183594,22.774391,-16.158537,11.829268
294,0.8227539,-0.0793457,0.38354492,7.012195,-6.1890244,20.487804
294,0.66308594,-0.103515625,0.4206543,-12.560976,-1.2804878,16.859756
294,0.59887695,-0.17504883,0.43041992,-25.335367,4.2987804,9.72561
294,0.6645508,-0.22680664,0.3972168,-21.554878,11.920732,3.0487804
294,0.73535156,-0.23803711,0.3828125,-5.5792685,9.359756,-3.5060976
294,0.7458496,-0.23071289,0.39794922,4.4512196,6.25,-10.27439
294,0.7150879,-0.23242188,0.4194336,-1.9817073,3.0182927,-17.530489
294,0.8051758,-0.27416992,0.4362793,-6.0365853,0.30487806,-24.085367
294,0.9189453,-0.2841797,0.43530273,-6.9512196,-0.36585367,-30.457317
294,1.1367188,-0.30664063,0.4428711,-15.6402445,-2.012195,-35.15244
294,1.357666,-0.3642578,0.4580078,-23.445122,-6.097561,-40.57927
294,1.267334,-0.34960938,0.48266602,-30.487806,-4.8170733,-40.396343
294,0.79345703,-0.31518555,0.39648438,-39.878048,-0.79268295,-24.29878
294,0.8508301,-0.3400879,0.3623047,-21.79878,-3.6585367,0.33536586
294,0.97265625,-0.34399414,0.34228516,18.109756,-6.9817076,15.792684
294,0.90283203,-0.2775879,0.31201172,47.19512,-1.5243902,30.091465
294,0.93237305,-0.2109375,0.32788086,48.567074,2.012195,36.432926
294,0.7702637,-0.15356445,0.31982422,32.530487,2.0731707,41.67683
294,0.6394043,-0.17382813,0.30541992,2.4695122,4.4817076,45.884148
294,0.7089844,-0.21044922,0.27856445,-4.1768293,6.9817076,42.2561
294,0.79541016,-0.21582031,0.25073242,0.9756098,10.182927,34.085365
294,0.8803711,-0.21484375,0.24951172,5.97561,14.146341,22.713415
294,0.9069824,-0.21484375,0.27954102,8.109756,14.939025,15.27439
294,1.0100098,-0.24169922,0.3244629,8.384147,14.878049,8.810976
295,1.1162109,-0.21484375,0.33422852,8.536586,15.304878,-3.5365853
295,1.0585938,-0.21435547,0.35351563,-0.45731708,11.737805,-15.304878
295,1.3154297,-0.27416992,0.34423828,-3.2926831,5.8231707,-28.140245
295,1.2297363,-0.31567383,0.4482422,-1.7987806,-14.939025,-55.914635
295,0.78027344,-0.296875,0.52612305,-1.0060976,-24.603659,-58.414635
295,0.56518555,-0.2434082,0.4909668,6.8292685,-20.213415,-36.585365
295,0.81152344,-0.13793945,0.39770508,18.536587,-18.292683,4.878049
295,0.8852539,-0.039794922,0.33789063,16.82927,-8.04878,29.054878
295,0.9133301,-0.021240234,0.29589844,3.3841465,-2.5609756,39.7561
295,0.7001953,-0.051757813,0.36547852,-20.97561,5.5792685,32.77439
295,0.59472656,-0.14233398,0.39331055,-36.82927,5.5792685,22.408537
295,0.625,-0.22827148,0.40478516,-37.835365,11.676829,9.02439
295,0.68481445,-0.23901367,0.41455078,-11.371951,7.4390244,-6.5853662
295,0.704834,-0.20239258,0.39941406,0.88414633,1.25,-16.859756
295,0.69555664,-0.22192383,0.4033203,0.8231708,-5.335366,-25.42683
295,0.7758789,-0.27075195,0.43725586,4.512195,-10.731708,-35.670734
295,0.8527832,-0.27905273,0.44433594,5,-11.615854,-44.146343
295,0.9892578,-0.27905273,0.43823242,-2.7743902,-10.396341,-50.243904
295,1.4736328,-0.3642578,0.47070313,-17.22561,-14.3902445,-56.463417
295,1.4353027,-0.34716797,0.49951172,-31.158537,-11.371951,-54.573174
295,0.9550781,-0.32470703,0.42773438,-50.762196,-3.9939024,-38.810978
295,0.798584,-0.4008789,0.36401367,-28.414635,-7.1036587,4.878049
295,0.97875977,-0.39575195,0.35888672,31.341465,-16.646341,26.79878
295,0.9538574,-0.3413086,0.32104492,70.09147,-11.310976,42.865856
295,1.0056152,-0.21240234,0.31591797,81.12805,-2.987805,60
295,0.80908203,-0.0859375,0.31835938,63.871952,4.664634,66.40244
295,0.6647949,-0.06225586,0.3083496,21.79878,7.164634,72.89634
295,0.7133789,-0.17871094,0.28393555,-16.493902,9.664635,65.73171
295,0.78930664,-0.24438477,0.2800293,-15.213415,11.341464,54.725613
295,0.8479004,-0.24560547,0.26513672,-2.8048782,16.463415,42.591465
296,0.89160156,-0.1862793,0.2553711,7.378049,22.073172,24.695122
296,0.98461914,-0.1821289,0.27807617,-0.70121956,23.20122,11.341464
296,1.0976563,-0.2133789,0.30249023,-8.536586,23.932928,-2.1341465
296,1.0002441,-0.19873047,0.31884766,-17.164635,20.609756,-14.45122
296,1.199707,-0.2697754,0.3334961,-20.365854,14.115854,-26.67683
296,1.3737793,-0.33032227,0.36450195,-13.719513,1.4939024,-49.146343
296,0.8647461,-0.32788086,0.5041504,-2.7439024,-18.445122,-64.57317
296,0.5876465,-0.2668457,0.513916,7.4390244,-16.158537,-52.225613
296,0.6940918,-0.22216797,0.46557617,18.04878,-19.085367,-24.756098
296,0.88793945,-0.12817383,0.3557129,32.560978,-9.268293,2.652439
296,0.9667969,-0.06323242,0.28808594,25.97561,-3.4146342,10.152439
296,0.8796387,-0.07543945,0.29882813,6.2195125,2.1341465,9.176829
296,0.6984863,-0.1508789,0.38134766,-17.987804,4.6341467,2.1646342
296,0.67333984,-0.23876953,0.40698242,-28.292683,11.493903,-4.542683
296,0.67211914,-0.28515625,0.3942871,-28.90244,14.176829,-7.8353662
296,0.68896484,-0.29858398,0.39526367,-12.804878,8.018292,-16.95122
296,0.6713867,-0.25830078,0.39916992,-2.5609756,1.4329269,-22.835367
296,0.6760254,-0.2619629,0.41064453,-3.0182927,-4.6951222,-27.439026
296,0.8088379,-0.3149414,0.4489746,-0.88414633,-9.146341,-34.939026
296,0.9453125,-0.3166504,0.45703125,3.0487804,-9.054878,-36.920734
296,1.1386719,-0.31152344,0.43579102,-3.262195,-6.6768293,-34.542683
296,1.3908691,-0.33032227,0.44482422,-17.530489,-10.426829,-28.932928
296,1.1628418,-0.34887695,0.47265625,-24.237806,-7.22561,-17.774391
296,0.81518555,-0.31811523,0.42089844,-19.32927,-3.8109758,2.9268293
296,0.7854004,-0.33862305,0.3334961,6.5853662,-6.7073174,28.719513
296,0.9321289,-0.3857422,0.3059082,46.52439,-9.45122,33.536587
296,0.9838867,-0.38891602,0.2854004,85.39635,-8.719512,35.670734
296,1.0544434,-0.26708984,0.27075195,101.097565,-0.12195122,38.07927
296,0.8979492,-0.18481445,0.25,80.97561,4.6036587,41.128048
296,0.8251953,-0.16918945,0.25024414,54.90854,6.554878,48.07927
296,0.8322754,-0.24584961,0.24658203,42.682926,4.6036587,49.817074
297,0.8359375,-0.2685547,0.22802734,44.84756,6.128049,46.768295
297,0.8640137,-0.29101563,0.21191406,43.44512,10.213415,42.19512
297,0.92333984,-0.25463867,0.2055664,43.5061,18.231709,37.530487
297,0.96875,-0.2175293,0.20458984,32.07317,22.713415,34.420734
297,1.0168457,-0.23364258,0.22827148,17.195122,24.573172,33.07927
297,1.0488281,-0.24926758,0.2241211,3.1707318,22.073172,32.22561
297,1.4812012,-0.33666992,0.20263672,-4.6341467,6.554878,27.621952
297,0.99731445,-0.29882813,0.28466797,-3.8414636,-20.274391,8.780488
297,0.44311523,-0.3461914,0.38232422,18.231709,-33.018295,18.292683
297,0.64990234,-0.36938477,0.3515625,63.44512,-50.792683,33.689026
297,0.9104004,-0.42358398,0.3623047,116.85976,-60.70122,31.219513
297,1.0212402,-0.35302734,0.28271484,157.71342,-52.92683,39.969513
297,1.0510254,-0.23388672,0.21313477,153.90244,-46.12805,47.469513
297,0.94750977,-0.14672852,0.25146484,129.7561,-41.798782,43.44512
297,0.83862305,-0.17041016,0.35546875,95.27439,-37.439026,36.128048
297,0.8261719,-0.27807617,0.32617188,76.25,-35.091465,27.804878
297,0.81640625,-0.3239746,0.27783203,75.60976,-34.02439,23.018293
297,0.81030273,-0.3569336,0.21191406,101.40244,-40.213417,21.737806
297,0.8400879,-0.359375,0.21850586,130,-46.15854,22.774391
297,0.91259766,-0.36206055,0.21777344,151.21951,-49.45122,23.20122
297,1.0222168,-0.3413086,0.16821289,161.25,-45.243904,26.432928
297,1.0524902,-0.3190918,0.12573242,163.59756,-40.060978,33.628048
297,1.0871582,-0.2878418,0.114746094,163.87195,-34.939026,42.134148
297,1.0959473,-0.25927734,0.140625,153.2927,-27.5,49.268295
297,1.0317383,-0.25439453,0.12084961,137.2561,-18.109756,53.993904
297,0.9980469,-0.2397461,0.07788086,123.414635,-9.908537,60.396343
297,1.0148926,-0.2109375,0.029296875,108.78049,-1.4634147,68.04878
297,1.0297852,-0.20019531,0.007080078,95.121956,3.8414636,70.70122
297,1.0725098,-0.20751953,-0.010253906,78.414635,5.8231707,67.95732
297,1.0563965,-0.234375,0.006347656,54.817074,4.664634,57.957317
298,0.9992676,-0.25024414,0.021240234,38.292683,2.4390244,49.664635
298,0.93115234,-0.25756836,0.025146484,26.737806,-3.262195,42.560978
298,0.88623047,-0.2824707,0.026855469,28.07927,-17.134148,31.981709
298,0.8898926,-0.32128906,0.033203125,44.085365,-28.810976,22.256098
298,0.9284668,-0.35253906,0.056640625,72.46951,-38.292683,11.341464
298,1.0126953,-0.37939453,0.1171875,118.2622,-45.182926,-0.12195122
298,1.0197754,-0.37280273,0.16845703,145.54878,-44.420734,-0.9756098
298,1.0795898,-0.33789063,0.1977539,162.86586,-40.57927,7.1951222
298,1.0031738,-0.17919922,0.1977539,154.11586,-31.79878,22.256098
298,0.93847656,-0.07910156,0.23461914,121.55488,-26.006098,32.164635
298,1.034668,-0.04272461,0.31396484,82.80488,-16.12805,37.439026
298,1.0541992,-0.06518555,0.36254883,41.585365,-3.7195122,38.689026
298,0.97631836,-0.0793457,0.3552246,20.518293,4.8170733,41.98171
298,0.9206543,-0.06665039,0.36206055,12.804878,7.012195,43.932926
298,0.9909668,-0.084472656,0.39160156,23.932928,2.1341465,39.48171
298,1.0144043,-0.080566406,0.39941406,31.12805,0.39634147,31.615854
298,0.88134766,-0.07788086,0.38867188,30.518293,-2.987805,20.97561
298,0.7390137,-0.09814453,0.39257813,37.34756,-7.012195,7.7439027
298,0.7180176,-0.079589844,0.39526367,44.115856,-7.682927,-0.9756098
298,0.74194336,-0.10571289,0.38623047,43.20122,-7.3170733,-6.9817076
298,0.77075195,-0.11645508,0.3798828,43.048782,-5.8841467,-13.47561
298,0.76171875,-0.12084961,0.39233398,40.548782,-6.3414636,-17.012196
298,0.78100586,-0.14575195,0.40795898,36.707317,-6.280488,-21.432928
298,0.8132324,-0.20214844,0.44799805,32.012196,-9.02439,-27.804878
298,0.82714844,-0.21728516,0.4633789,28.140245,-9.664635,-31.95122
298,0.8654785,-0.21069336,0.46166992,16.981709,-8.963415,-33.018295
298,1.0395508,-0.22583008,0.4699707,-9.969512,-7.7439027,-31.006098
298,1.3662109,-0.2783203,0.4880371,-27.164635,-6.920732,-28.59756
298,1.3278809,-0.2932129,0.48364258,-39.359756,-5.8536587,-21.493902
298,0.8520508,-0.2919922,0.43823242,-43.719513,-3.5670733,1.5548781
298,0.8479004,-0.32910156,0.39111328,-18.262196,-2.7439024,29.420732
299,1.0095215,-0.31518555,0.3371582,24.87805,-7.9268293,46.646343
299,0.8894043,-0.3095703,0.29248047,60.18293,-7.8353662,56.646343
299,0.90405273,-0.23071289,0.30126953,70.18293,-1.4634147,62.80488
299,0.80029297,-0.1628418,0.2939453,59.48171,1.8292683,68.23171
299,0.6320801,-0.1430664,0.27685547,30.304878,4.664634,76.15854
299,0.6647949,-0.20288086,0.26098633,20.609756,2.5914636,76.28049
299,0.79589844,-0.24682617,0.26489258,25.518293,1.6158537,67.65244
299,0.9382324,-0.22460938,0.26538086,30.792685,7.2865853,52.743904
299,1.0009766,-0.16040039,0.2763672,21.310976,11.981708,39.146343
299,1.0830078,-0.12231445,0.30004883,2.9268293,16.585365,26.280489
299,1.2060547,-0.09277344,0.32250977,-20.762196,17.835367,9.3902445
299,1.1328125,-0.07910156,0.3515625,-30.884148,12.469513,-4.420732
299,1.3251953,-0.10424805,0.3552246,-32.560978,7.378049,-21.25
299,1.3066406,-0.19116211,0.38330078,-32.865856,-9.664635,-55.914635
299,0.93115234,-0.23657227,0.47338867,-19.634148,-21.280489,-68.71951
299,0.7541504,-0.171875,0.46826172,1.5548781,-13.993903,-63.07927
299,0.8874512,-0.0546875,0.3515625,9.3902445,-10.27439,-37.621952
299,0.8449707,0.04321289,0.27905273,-2.7134147,-3.140244,-28.109756
299,0.84228516,0.015380859,0.24658203,-21.25,3.2012196,-24.634148
299,0.6867676,-0.09008789,0.2998047,-36.280487,9.72561,-26.95122
299,0.59106445,-0.1381836,0.31469727,-57.164635,15.365854,-34.146343
299,0.63378906,-0.2199707,0.29833984,-72.31708,23.47561,-38.384148
299,0.7548828,-0.27294922,0.3010254,-46.0061,18.689024,-38.5061
299,0.79589844,-0.28735352,0.3347168,-22.134148,9.786586,-40.914635
299,0.77124023,-0.3076172,0.38305664,-10.518293,0.39634147,-44.84756
299,0.8227539,-0.36010742,0.4572754,5.487805,-11.25,-52.469513
299,0.94799805,-0.36767578,0.50439453,16.890244,-15.6402445,-57.042683
299,1.0766602,-0.32958984,0.5124512,12.713415,-13.780488,-57.225613
299,1.4482422,-0.32250977,0.4897461,-17.317074,-11.95122,-45.640244
299,1.2868652,-0.34765625,0.5402832,-35.85366,-10.335366,-33.810978
299,0.8093262,-0.33764648,0.49365234,-41.646343,3.8109758,-3.4756098
300,0.94921875,-0.33911133,0.37670898,-7.5,3.2012196,56.12805
300,1.0280762,-0.29760742,0.3359375,32.40854,5.2439027,77.80488
300,1.0114746,-0.2734375,0.31030273,61.52439,10.792684,98.38415
300,0.9951172,-0.16113281,0.31567383,73.75,16.646341,114.35976
300,0.79589844,-0.095947266,0.3251953,52.37805,19.054878,117.621956
300,0.6928711,-0.13183594,0.3149414,19.359756,20.731709,116.64635
300,0.73876953,-0.19262695,0.28808594,-3.1097562,17.896341,102.86585
300,0.7758789,-0.19946289,0.27294922,-3.1097562,14.02439,82.89635
300,0.8486328,-0.2043457,0.25317383,3.2317073,14.634147,62.40854
300,0.95874023,-0.17382813,0.26733398,17.804878,17.317074,35.030487
300,1.1298828,-0.12548828,0.27612305,18.109756,20.853659,15.731708
300,1.1184082,-0.055908203,0.27148438,1.7682927,22.195122,-6.768293
300,1.0742188,-0.123535156,0.30981445,-28.292683,13.597561,-28.47561
300,1.3127441,-0.19116211,0.28100586,-36.280487,4.4512196,-57.042683
300,1.0400391,-0.27539063,0.3413086,-34.664635,-20.731709,-86.12805
300,0.7402344,-0.33325195,0.52685547,-4.1768293,-41.128048,-99.05488
300,0.8273926,-0.32788086,0.5319824,31.219513,-45.94512,-87.439026
300,0.9421387,-0.2631836,0.45629883,61.463417,-46.371952,-63.65854
300,0.9501953,-0.08911133,0.36499023,61.310978,-38.44512,-40.335365
300,0.7861328,-0.003417969,0.36279297,31.79878,-25.457317,-30.670732
300,0.57666016,0.03466797,0.37817383,-12.835366,-13.20122,-26.219513
300,0.5656738,-0.10546875,0.36401367,-75.518295,6.0365853,-28.689026
300,0.6894531,-0.23583984,0.3544922,-86.951225,16.25,-26.12805
300,0.77783203,-0.3383789,0.37841797,-65.21342,15,-22.37805
300,0.7819824,-0.3713379,0.453125,-26.82927,8.109756,-27.774391
300,0.7651367,-0.3515625,0.48828125,-12.896341,2.042683,-31.463415
300,0.8754883,-0.34472656,0.49780273,-4.7865853,-5.6097565,-36.707317
300,1.0869141,-0.35351563,0.49682617,3.5060976,-11.463415,-38.5061
300,1.4841309,-0.37939453,0.5007324,3.932927,-9.695122,-33.140244
300,1.3999023,-0.29174805,0.48754883,-9.939025,-4.2987804,-26.280489
301,0.8222656,-0.25830078,0.40185547,-43.993904,11.737805,9.054878
301,0.9194336,-0.29125977,0.36669922,-23.932928,5.335366,49.02439
301,1.0925293,-0.30615234,0.34521484,15.731708,3.2926831,73.23171
301,1.0449219,-0.27685547,0.3125,43.932926,11.067074,90.54878
301,0.9655762,-0.1928711,0.3125,49.146343,15.396342,96.92073
301,0.7915039,-0.12133789,0.30395508,37.713417,15.579268,99.085365
301,0.6125488,-0.12646484,0.2849121,10.670732,14.115854,95.914635
301,0.5827637,-0.15283203,0.27001953,0.09146342,10.884147,83.62805
301,0.67333984,-0.22998047,0.24926758,2.7743902,8.018292,63.35366
301,0.8210449,-0.23901367,0.2434082,23.109756,9.146341,34.085365
301,0.87597656,-0.18554688,0.24707031,31.493904,11.097561,12.804878
301,1.0332031,-0.19018555,0.27148438,23.018293,12.317074,-5.914634
301,1.2502441,-0.18823242,0.29492188,8.932927,13.414635,-27.34756
301,1.1320801,-0.18408203,0.32373047,-8.1402445,7.865854,-40.518295
301,1.3469238,-0.24389648,0.3149414,-19.634148,2.7743902,-50.091465
301,1.199707,-0.28222656,0.34301758,-23.780489,-20.091463,-72.621956
301,0.8132324,-0.3010254,0.45581055,-17.743902,-34.542683,-76.097565
301,0.7175293,-0.3125,0.50341797,5.2439027,-37.591465,-65.09146
301,0.83935547,-0.21850586,0.44189453,35.70122,-37.34756,-35.27439
301,0.84594727,-0.11425781,0.3713379,34.32927,-26.006098,-15.6402445
301,0.8222656,-0.03564453,0.30810547,18.75,-14.573171,-6.4939027
301,0.6015625,-0.029052734,0.31811523,-20.091463,-3.262195,-10.030488
301,0.548584,-0.09277344,0.3359375,-58.07927,5.792683,-18.871952
301,0.6677246,-0.24291992,0.32495117,-83.07927,14.72561,-25.243902
301,0.78881836,-0.32836914,0.3347168,-57.317074,18.536587,-23.262196
301,0.8413086,-0.3400879,0.36035156,-22.317074,9.695122,-27.713415
301,0.7766113,-0.3227539,0.4020996,0.42682928,0,-30.42683
301,0.7861328,-0.32104492,0.43774414,13.384147,-11.25,-35.457317
301,0.9128418,-0.33764648,0.45898438,17.774391,-14.72561,-40.365856
301,1.1064453,-0.33129883,0.45947266,14.207317,-12.865854,-42.164635
301,1.6364746,-0.34326172,0.46972656,-5.396342,-9.237805,-42.530487
302,1.2590332,-0.29711914,0.45141602,-31.585367,-0.33536586,-34.268295
302,0.8405762,-0.32666016,0.40161133,-41.95122,9.542684,-1.0060976
302,1.0007324,-0.31811523,0.3828125,12.22561,-4.237805,50
302,0.9885254,-0.2998047,0.34057617,47.835365,0.5487805,72.621956
302,0.99316406,-0.2607422,0.30664063,66.12805,4.5731707,91.40244
302,0.9465332,-0.14086914,0.3083496,67.95732,11.310976,103.71951
302,0.7270508,-0.08544922,0.29345703,43.170734,13.871951,107.86586
302,0.6086426,-0.13598633,0.2775879,12.743903,14.207317,104.96951
302,0.6977539,-0.2368164,0.26000977,5.518293,11.95122,88.71951
302,0.7766113,-0.24633789,0.24145508,18.536587,12.103659,69.60366
302,0.8654785,-0.24414063,0.23095703,30.15244,13.658537,47.80488
302,0.9892578,-0.19018555,0.25439453,27.804878,19.29878,15.609756
302,1.105957,-0.17749023,0.26000977,11.981708,22.957317,-6.4939027
302,1.0690918,-0.14501953,0.2626953,-9.847561,21.67683,-26.67683
302,1.0068359,-0.20532227,0.2939453,-33.567074,12.134147,-45.823174
302,1.2810059,-0.2536621,0.28320313,-32.896343,3.932927,-65.45732
302,1.192627,-0.30688477,0.3215332,-30.42683,-16.371952,-90.36585
302,0.8288574,-0.34887695,0.49902344,-8.810976,-42.77439,-99.11585
302,0.76660156,-0.3395996,0.5336914,26.158537,-47.957317,-84.14635
302,0.81103516,-0.27905273,0.48876953,56.189026,-51.585365,-51.25
302,0.89819336,-0.13500977,0.3515625,69.05488,-38.384148,-13.871951
302,0.90185547,-0.015625,0.3100586,52.713417,-25.54878,0.6097561
302,0.7092285,0.05126953,0.3330078,13.353659,-12.286586,4.8170733
302,0.5720215,-0.055664063,0.35888672,-52.713417,5.0609756,2.8048782
302,0.62841797,-0.19384766,0.34716797,-75.30488,15.335366,1.8292683
302,0.74316406,-0.2939453,0.3635254,-62.042683,17.408537,6.006098
302,0.8120117,-0.3251953,0.39672852,-19.390244,10,-1.5243902
302,0.7687988,-0.29296875,0.42944336,-1.5548781,2.1341465,-10.335366
302,0.8405762,-0.30273438,0.46118164,5.27439,-6.554878,-21.189024
302,0.99853516,-0.30322266,0.48608398,13.292684,-14.4207325,-36.493904
302,1.2265625,-0.31591797,0.44702148,7.042683,-9.878049,-43.75
303,1.604248,-0.32788086,0.46826172,-2.012195,-7.7134147,-52.713417
303,1.0541992,-0.25561523,0.44458008,-32.5,1.7073171,-44.32927
303,0.71533203,-0.2529297,0.3774414,-44.17683,14.02439,-8.04878
303,0.9814453,-0.27807617,0.34057617,-12.042684,5.2134147,34.268295
303,1.0397949,-0.26660156,0.27392578,36.798782,7.1951222,63.689026
303,1.0041504,-0.24560547,0.25024414,53.323174,11.25,78.75
303,0.8947754,-0.16503906,0.27270508,57.042683,12.865854,85.45732
303,0.673584,-0.14111328,0.27856445,29.84756,13.231708,87.743904
303,0.62939453,-0.19970703,0.2668457,6.5853662,13.871951,82.256096
303,0.69799805,-0.24291992,0.23925781,-0.06097561,12.5,70.914635
303,0.7854004,-0.23876953,0.21313477,6.7073174,13.719513,47.5
303,0.8845215,-0.22558594,0.21459961,14.45122,18.20122,28.292683
303,0.9567871,-0.18554688,0.24291992,14.207317,23.231709,11.006098
303,1.1535645,-0.16113281,0.26611328,-2.1341465,30.457317,-6.6768293
303,1.0930176,-0.12719727,0.27075195,-21.189024,28.780489,-17.560976
303,1.1669922,-0.19702148,0.27563477,-37.19512,22.134148,-27.164635
303,1.3540039,-0.29589844,0.2788086,-39.786587,2.6219513,-59.45122
303,0.9572754,-0.34960938,0.41186523,-27.134148,-25.213415,-79.5122
303,0.69970703,-0.35986328,0.53466797,2.042683,-35.30488,-79.20732
303,0.8154297,-0.3017578,0.4885254,52.073174,-43.262196,-44.115856
303,0.9609375,-0.18383789,0.3935547,76.12805,-38.44512,-18.231709
303,0.9987793,-0.040771484,0.33032227,67.926834,-29.908537,-3.5365853
303,0.7294922,0.059326172,0.3557129,14.085366,-16.40244,-1.890244
303,0.5563965,-0.03100586,0.3840332,-36.0061,-7.012195,-6.737805
303,0.5583496,-0.14941406,0.36523438,-64.32927,6.25,-12.987805
303,0.6660156,-0.26245117,0.32177734,-54.87805,14.756098,-13.079268
303,0.7302246,-0.29589844,0.33691406,-30.54878,12.77439,-20.42683
303,0.76660156,-0.30004883,0.37597656,-7.9268293,8.47561,-26.646341
303,0.7783203,-0.2944336,0.43847656,3.8414636,-2.3170733,-33.44512
303,0.88793945,-0.34350586,0.48657227,14.969513,-12.682927,-41.25
304,0.9968262,-0.34228516,0.51538086,27.317074,-17.195122,-46.09756
304,1.2287598,-0.28857422,0.47753906,16.40244,-10.27439,-45.70122
304,1.5053711,-0.30151367,0.52490234,-2.5609756,-8.353659,-42.65244
304,1.1218262,-0.2397461,0.50439453,-29.695122,2.7743902,-31.554878
304,0.8149414,-0.2631836,0.40161133,-51.615856,19.603659,18.963415
304,1.0720215,-0.3112793,0.38549805,-17.896341,8.04878,51.859756
304,1.0075684,-0.31835938,0.3659668,21.615854,11.036586,72.89634
304,1.0129395,-0.25073242,0.34057617,55.884148,15.27439,92.347565
304,0.8605957,-0.14282227,0.32421875,55.640244,17.37805,100.85366
304,0.66845703,-0.092041016,0.31103516,33.109756,16.463415,104.268295
304,0.6323242,-0.1496582,0.30810547,9.176829,12.835366,94.23781
304,0.7224121,-0.20092773,0.30566406,6.9512196,13.109756,76.28049
304,0.82666016,-0.2290039,0.28125,11.402439,17.439024,59.634148
304,0.9108887,-0.17163086,0.25097656,18.506098,22.621952,36.40244
304,0.9699707,-0.1418457,0.2758789,9.054878,23.62805,17.073172
304,1.0800781,-0.15673828,0.30371094,-4.6036587,23.993902,-3.1097562
304,1.001709,-0.16210938,0.33081055,-21.707317,17.682928,-26.920732
304,1.1743164,-0.21655273,0.32421875,-26.40244,10.243902,-45
304,1.3762207,-0.2722168,0.3388672,-27.012196,-4.878049,-71.85976
304,0.9108887,-0.3083496,0.47583008,-21.25,-29.664635,-94.96951
304,0.7504883,-0.2993164,0.5344238,0.5487805,-35.518295,-87.5
304,0.8076172,-0.2434082,0.50219727,26.95122,-38.35366,-62.073174
304,0.8535156,-0.106933594,0.40039063,41.432926,-33.292683,-31.158537
304,0.86572266,-0.037597656,0.34838867,31.25,-27.713415,-17.957317
304,0.7854004,-0.040527344,0.3713379,12.22561,-18.841463,-17.042683
304,0.57714844,-0.083496094,0.42211914,-22.37805,-8.262196,-22.560976
304,0.57910156,-0.16577148,0.40429688,-52.012196,4.9390244,-28.75
304,0.6750488,-0.24658203,0.40283203,-56.493904,13.04878,-31.25
304,0.75927734,-0.29760742,0.43603516,-27.957317,8.75,-35.609756
304,0.7687988,-0.27929688,0.4658203,-16.615854,4.085366,-38.414635
304,0.8000488,-0.28955078,0.4831543,-15.457317,-1.7682927,-39.90854
305,0.9296875,-0.30419922,0.5024414,-11.097561,-7.5914636,-39.573174
305,1.0119629,-0.28588867,0.49047852,-13.841464,-6.7987804,-33.65854
305,1.1687012,-0.31762695,0.46679688,-22.164635,-6.280488,-26.432928
305,1.3076172,-0.35742188,0.5439453,-19.024391,-8.628049,-12.743903
305,0.9025879,-0.2915039,0.47070313,-24.359756,1.3719512,5.4573174
305,0.95703125,-0.31567383,0.4091797,-14.72561,6.737805,40.335365
305,1.0361328,-0.28833008,0.37695313,29.664635,3.5365853,63.810978
305,1.0620117,-0.28100586,0.3737793,52.621952,8.506098,81.40244
305,1.0227051,-0.1940918,0.3701172,62.40854,11.737805,91.585365
305,0.7558594,-0.1159668,0.33447266,42.012196,15.060976,100.57927
305,0.6245117,-0.12524414,0.3076172,20.030489,15.426829,101.73781
305,0.63916016,-0.18652344,0.30493164,13.262196,12.926829,91.85976
305,0.79174805,-0.19824219,0.29248047,24.634148,15.091464,67.80488
305,0.8364258,-0.17504883,0.27392578,24.29878,19.268293,48.62805
305,0.9099121,-0.16479492,0.28222656,19.207317,22.5,27.743902
305,1.1469727,-0.13305664,0.29736328,1.5243902,28.262196,-0.6097561
305,1.145752,-0.122558594,0.29125977,-21.768293,29.573172,-18.536587
305,1.0610352,-0.16308594,0.29370117,-38.23171,22.591463,-31.615854
305,1.3798828,-0.23779297,0.27001953,-42.591465,4.847561,-61.067074
305,1.0288086,-0.29638672,0.3713379,-38.44512,-22.286587,-85.09147
305,0.7121582,-0.33691406,0.5107422,-19.237804,-34.512196,-89.72561
305,0.8405762,-0.28515625,0.5004883,24.481709,-37.621952,-72.439026
305,0.9692383,-0.20288086,0.43286133,41.920734,-36.493904,-53.567074
305,0.93066406,-0.08984375,0.35839844,35.060978,-30.670732,-34.939026
305,0.78686523,-0.010009766,0.3425293,8.780488,-17.256098,-21.432928
305,0.5996094,-0.05419922,0.37890625,-15.213415,-11.859756,-21.40244
305,0.55859375,-0.15014648,0.3930664,-45.15244,-2.7743902,-29.359756
305,0.69018555,-0.30810547,0.3779297,-53.07927,11.920732,-32.530487
305,0.7355957,-0.31347656,0.35913086,-23.90244,10.54878,-33.292683
305,0.75561523,-0.29296875,0.3881836,-2.1646342,1.5548781,-37.317074
305,0.7717285,-0.30200195,0.4387207,-4.1768293,-4.9390244,-43.140244
306,0.8352051,-0.33007813,0.4741211,-3.1097562,-11.341464,-47.439026
306,0.92407227,-0.32910156,0.48828125,-0.91463417,-13.20122,-48.536587
306,1.1796875,-0.32421875,0.44482422,-13.567074,-8.20122,-37.286587
306,1.5488281,-0.38330078,0.51293945,-13.1707325,-10.54878,-24.969513
306,1.1530762,-0.30419922,0.5024414,-17.195122,-2.8963416,-8.932927
306,0.89501953,-0.28271484,0.3881836,-21.95122,10.060976,47.560978
306,1.0771484,-0.2902832,0.35107422,12.5,0.15243903,74.939026
306,1.0517578,-0.29711914,0.35205078,45.884148,2.5609756,93.62805
306,1.090332,-0.22021484,0.35083008,67.59147,8.689025,109.11586
306,0.88842773,-0.13232422,0.3251953,57.164635,12.317074,115.18293
306,0.68896484,-0.110839844,0.3017578,34.298782,12.256098,116.03659
306,0.6311035,-0.17504883,0.27905273,17.164635,9.603659,106.46342
306,0.7314453,-0.21118164,0.26098633,18.62805,9.542684,91.25
306,0.7492676,-0.19067383,0.24511719,22.774391,12.22561,70.82317
306,0.8581543,-0.20288086,0.25463867,23.932928,15.823171,42.439026
306,1.03125,-0.19238281,0.27661133,20.213415,20.518293,20.121952
306,1.1589355,-0.17895508,0.30639648,8.506098,24.146341,-0.45731708
306,1.0305176,-0.14990234,0.32836914,-15.762196,19.603659,-22.774391
306,1.0932617,-0.20776367,0.32983398,-28.262196,11.646341,-38.384148
306,1.2858887,-0.26391602,0.32592773,-28.07927,-2.195122,-62.10366
306,0.9851074,-0.3251953,0.4411621,-15.060976,-29.84756,-94.96951
306,0.74560547,-0.29541016,0.5161133,0.24390244,-39.542683,-97.40854
306,0.73535156,-0.24853516,0.48950195,12.256098,-38.90244,-81.585365
306,0.85546875,-0.16137695,0.4074707,16.432928,-33.23171,-53.384148
306,0.9033203,-0.10888672,0.35131836,11.189025,-24.32927,-35.70122
306,0.81811523,-0.083984375,0.33129883,0.70121956,-15.731708,-24.085367
306,0.6154785,-0.1081543,0.35888672,-28.384148,-3.7195122,-18.59756
306,0.6333008,-0.17822266,0.35888672,-54.69512,3.7195122,-23.445122
306,0.73413086,-0.27246094,0.36206055,-63.35366,10.609756,-27.621952
306,0.80908203,-0.32910156,0.3840332,-41.128048,9.207317,-27.439026
306,0.82299805,-0.3269043,0.41381836,-18.689024,2.3170733,-30.57927
307,0.7819824,-0.3100586,0.45532227,-7.2865853,-6.0365853,-33.140244
307,0.8708496,-0.32250977,0.4921875,-1.097561,-12.957317,-41.128048
307,0.982666,-0.3125,0.5036621,-2.5304878,-11.493903,-43.628048
307,1.1896973,-0.31469727,0.47436523,-12.743903,-7.6219516,-41.432926
307,1.467041,-0.34228516,0.51904297,-24.542683,-6.737805,-34.146343
307,0.9692383,-0.30786133,0.4814453,-40.396343,4.3292685,-16.40244
307,0.79003906,-0.32861328,0.39916992,-32.5,11.79878,22.865854
307,1.0627441,-0.31347656,0.35766602,22.22561,3.780488,59.512196
307,1.0300293,-0.28320313,0.31982422,47.37805,11.79878,78.56708
307,1.026123,-0.22241211,0.32006836,59.573174,14.817074,91.371956
307,0.83081055,-0.13916016,0.32543945,48.048782,16.189024,99.939026
307,0.66259766,-0.14208984,0.30444336,19.573172,17.682928,102.68293
307,0.65112305,-0.19750977,0.28857422,2.987805,15.335366,99.32927
307,0.73657227,-0.22607422,0.2631836,11.554878,12.195122,79.05488
307,0.7949219,-0.21728516,0.25390625,18.231709,13.932927,61.189026
307,0.8486328,-0.19311523,0.2553711,22.896341,17.743902,40.42683
307,0.95092773,-0.17285156,0.28393555,11.341464,21.859756,13.567074
307,1.1027832,-0.18432617,0.29882813,-1.1585367,23.170732,-7.3475614
307,0.9897461,-0.16186523,0.31079102,-15.396342,19.32927,-25.457317
307,1.1762695,-0.2529297,0.30981445,-27.103659,8.384147,-46.768295
307,1.3308105,-0.30273438,0.3227539,-22.195122,-10.335366,-72.164635
307,0.96850586,-0.33422852,0.44750977,-12.256098,-33.018295,-92.98781
307,0.7229004,-0.30688477,0.548584,10.762196,-38.109756,-86.097565
307,0.8071289,-0.24731445,0.5031738,28.62805,-37.682926,-59.817074
307,0.8791504,-0.13427734,0.4206543,32.469513,-28.780489,-35.82317
307,0.9182129,-0.030761719,0.33374023,10,-13.810976,-12.77439
307,0.7836914,-0.04711914,0.3359375,-16.189024,-1.890244,-9.359756
307,0.6340332,-0.11230469,0.37036133,-43.932926,4.72561,-9.207317
307,0.67993164,-0.24584961,0.38183594,-69.664635,15.6707325,-17.5
307,0.7224121,-0.29711914,0.38452148,-63.23171,20.15244,-18.231709
308,0.7480469,-0.32421875,0.39233398,-39.634148,14.756098,-24.29878
308,0.69677734,-0.31323242,0.43554688,-13.262196,3.7195122,-34.268295
308,0.7062988,-0.31225586,0.4645996,-3.1097562,-5.670732,-44.725613
308,0.8034668,-0.32617188,0.47973633,2.835366,-10.396341,-56.341465
308,1.0224609,-0.31762695,0.46240234,0.24390244,-7.408537,-62.469513
308,1.5019531,-0.37963867,0.47729492,-4.908537,-8.567074,-60.57927
308,1.5187988,-0.33789063,0.4807129,-14.878049,-6.6768293,-48.810978
308,0.86279297,-0.31640625,0.42163086,-37.469513,6.615854,-9.29878
308,0.8718262,-0.34179688,0.3942871,-8.902439,-1.4024391,35.30488
308,0.9953613,-0.32128906,0.3564453,34.420734,-4.5731707,59.573174
308,1.0092773,-0.26293945,0.32299805,60.884148,5.8231707,82.86585
308,1.0197754,-0.18603516,0.33374023,66.06708,11.8902445,94.57317
308,0.86279297,-0.11352539,0.33691406,52.53049,14.268293,101.40244
308,0.65625,-0.12158203,0.3100586,14.207317,14.176829,101.55488
308,0.6411133,-0.18164063,0.3010254,3.2012196,11.097561,90.85366
308,0.7060547,-0.21972656,0.2939453,8.323171,11.097561,72.53049
308,0.77075195,-0.1965332,0.2590332,21.432928,16.40244,46.920734
308,0.85131836,-0.17382813,0.2668457,25.396341,19.024391,25.823172
308,0.99243164,-0.18359375,0.30126953,17.957317,22.34756,7.682927
308,1.1464844,-0.17822266,0.32885742,3.9634147,26.646341,-14.115854
308,1.0825195,-0.15551758,0.33422852,-12.5,24.481709,-25.030489
308,1.2895508,-0.22045898,0.3154297,-30.42683,16.95122,-37.22561
308,1.2617188,-0.31835938,0.3725586,-31.09756,-12.560976,-68.20122
308,0.81274414,-0.3544922,0.53930664,-14.085366,-35.091465,-77.37805
308,0.6003418,-0.31274414,0.5732422,16.006098,-37.77439,-66.98171
308,0.7583008,-0.20117188,0.48461914,43.44512,-36.585365,-33.32317
308,0.8186035,-0.08251953,0.41064453,40.15244,-23.445122,-12.195122
308,0.84399414,0.008056641,0.35888672,20.42683,-12.286586,-2.7439024
308,0.66430664,-0.032958984,0.35058594,-21.371952,1.890244,-3.2926831
308,0.59155273,-0.13745117,0.375,-47.286587,5.8841467,-10.060976
309,0.6862793,-0.2788086,0.40283203,-58.871952,9.908537,-18.658537
309,0.7199707,-0.34179688,0.42504883,-35.182926,11.219513,-22.34756
309,0.70166016,-0.32641602,0.44018555,-10.396341,4.2073174,-30.57927
309,0.65722656,-0.2932129,0.4309082,-2.2256098,-0.6097561,-36.768295
309,0.7441406,-0.32617188,0.45092773,-3.9634147,-9.634147,-43.414635
309,0.9074707,-0.36791992,0.4802246,1.7682927,-13.963415,-47.164635
309,1.1313477,-0.37695313,0.49414063,4.878049,-14.481708,-44.69512
309,1.706543,-0.41137695,0.52563477,0.7621951,-15.6707325,-33.963417
309,1.3544922,-0.3161621,0.5332031,-20.42683,-11.585366,-19.908537
309,0.7976074,-0.2927246,0.46801758,-37.713417,-1.25,12.865854
309,0.78149414,-0.3232422,0.39086914,3.8414636,-12.713415,60.884148
309,0.93359375,-0.32226563,0.35498047,46.920734,-9.268293,70.914635
309,0.9321289,-0.2619629,0.32177734,66.21951,0.91463417,76.12805
309,0.93847656,-0.14501953,0.31274414,64.14634,12.378049,75.27439
309,0.7631836,-0.08227539,0.30517578,42.10366,13.841464,76.310974
309,0.64331055,-0.10131836,0.3112793,10.121951,13.231708,75
309,0.7023926,-0.19262695,0.2939453,-7.256098,10.304878,62.68293
309,0.7558594,-0.22827148,0.26782227,0.27439025,9.72561,46.707317
309,0.83374023,-0.23803711,0.25830078,15.365854,10.091464,30.15244
309,0.99560547,-0.20654297,0.29223633,34.390244,13.414635,9.603659
309,1.1494141,-0.20458984,0.33374023,34.02439,16.585365,-4.8170733
309,1.1071777,-0.15209961,0.3491211,22.37805,18.689024,-17.042683
309,1.159668,-0.14428711,0.3395996,-12.926829,15.914635,-29.024391
309,1.3994141,-0.22192383,0.33081055,-33.689026,4.7865853,-45.457317
309,1.111084,-0.31640625,0.42822266,-37.835365,-19.817074,-67.31708
309,0.6689453,-0.36450195,0.5673828,-12.195122,-33.932926,-70.97561
309,0.7297363,-0.30444336,0.5288086,20.518293,-32.40854,-50.182926
309,0.8083496,-0.17163086,0.42138672,35.365856,-27.560976,-26.920732
309,0.81591797,-0.02758789,0.33154297,16.341463,-17.103659,-3.2317073
309,0.7331543,-0.008056641,0.33251953,-3.5060976,-6.097561,4.02439
309,0.58496094,-0.046142578,0.35839844,-28.47561,2.682927,4.420732
309,0.5686035,-0.18798828,0.34838867,-65.518295,11.402439,-4.6036587
310,0.6809082,-0.3166504,0.3540039,-66.61585,14.817074,-8.932927
310,0.7504883,-0.36767578,0.3942871,-37.317074,11.615854,-11.371951
310,0.72021484,-0.3461914,0.47875977,1.9512196,-1.7987806,-20.609756
310,0.70458984,-0.31518555,0.49560547,5.7012196,-6.25,-24.237806
310,0.8347168,-0.32470703,0.50341797,5.27439,-10.609756,-28.414635
310,1.0761719,-0.3269043,0.51342773,5,-13.353659,-35.396343
310,1.5114746,-0.36035156,0.5058594,-0.70121956,-12.804878,-37.713417
310,1.4545898,-0.34838867,0.5593262,-13.628049,-13.079268,-40.091465
310,0.7705078,-0.33276367,0.49243164,-32.439026,2.2256098,-12.347561
310,0.8161621,-0.3383789,0.4182129,-9.72561,0.6707317,23.353659
310,1.060791,-0.31054688,0.36987305,33.292683,-3.4756098,40.42683
310,0.982666,-0.29370117,0.31030273,54.634148,5.304878,54.237804
310,0.8977051,-0.20996094,0.32226563,58.719513,8.75,59.664635
310,0.7038574,-0.13745117,0.32641602,40.243904,10.6402445,63.689026
310,0.5222168,-0.17944336,0.2919922,2.5304878,12.835366,69.085365
310,0.5510254,-0.22558594,0.25878906,1.5853659,8.871951,64.847565
310,0.6525879,-0.26538086,0.23950195,18.719513,4.2987804,51.0061
310,0.8684082,-0.29858398,0.25463867,44.085365,3.0792685,28.231709
310,0.98046875,-0.24023438,0.27954102,52.2561,6.737805,13.384147
310,1.1193848,-0.1862793,0.29296875,38.628048,11.707317,1.8597561
310,1.2197266,-0.123535156,0.33251953,9.359756,12.713415,-8.628049
310,1.1096191,-0.125,0.3647461,-16.67683,8.1402445,-13.628049
310,1.3637695,-0.16381836,0.35131836,-28.780489,4.847561,-20.335367
310,1.1381836,-0.21508789,0.41503906,-34.48171,-15.121952,-46.67683
310,0.7949219,-0.23852539,0.4868164,-26.981709,-21.493902,-54.085365
310,0.7294922,-0.19238281,0.46044922,-9.237805,-18.414635,-45.914635
310,0.90625,-0.13232422,0.39819336,7.0731707,-19.512196,-28.018293
310,0.87524414,-0.052246094,0.34033203,6.768293,-13.445123,-16.12805
310,0.85498047,-0.07397461,0.3149414,-2.042683,-8.079268,-8.75
310,0.6369629,-0.095458984,0.34570313,-14.603659,-1.25,-11.768293
311,0.54296875,-0.13623047,0.35107422,-38.871952,4.115854,-21.95122
311,0.6069336,-0.20727539,0.3178711,-54.512196,13.231708,-28.871952
311,0.7126465,-0.26953125,0.31445313,-31.12805,10.335366,-33.719513
311,0.7648926,-0.2824707,0.35546875,-8.47561,3.2317073,-38.59756
311,0.77246094,-0.28979492,0.42285156,-1.8292683,-3.8719513,-42.682926
311,0.8317871,-0.31933594,0.49243164,2.6219513,-10.884147,-45.73171
311,0.9338379,-0.33935547,0.5349121,7.77439,-17.012196,-47.80488
311,1.1176758,-0.3449707,0.5480957,7.77439,-14.359756,-47.743904
311,1.6240234,-0.34399414,0.53100586,-6.280488,-10.6402445,-44.664635
311,1.2321777,-0.30444336,0.51171875,-34.69512,-4.02439,-37.286587
311,0.78515625,-0.28271484,0.42211914,-52.5,13.506098,-1.1585367
311,0.92529297,-0.29760742,0.35229492,-16.981709,0.21341464,54.268295
311,0.9733887,-0.29052734,0.32177734,21.158537,2.987805,74.5122
311,0.96875,-0.26831055,0.29125977,43.414635,7.530488,88.018295
311,0.89404297,-0.1508789,0.30151367,50.762196,10.945122,93.47561
311,0.7163086,-0.11328125,0.3083496,27.317074,11.981708,95.88415
311,0.6652832,-0.15551758,0.29858398,4.054878,13.231708,95.21342
311,0.7468262,-0.18847656,0.265625,0.4878049,11.219513,77.71342
311,0.7963867,-0.21728516,0.24951172,6.128049,11.829268,61.493904
311,0.8442383,-0.22265625,0.25048828,15.365854,14.908537,44.298782
311,0.90405273,-0.18945313,0.27490234,18.75,18.018293,23.140244
311,1.0356445,-0.2109375,0.30249023,10.121951,19.359756,5.518293
311,1.0446777,-0.21289063,0.3322754,2.0731707,16.768293,-13.414635
311,1.1801758,-0.2475586,0.33154297,-10.27439,7.804878,-35.365856
311,1.3762207,-0.2722168,0.34643555,-16.920732,-5.762195,-62.68293
311,1.0441895,-0.31567383,0.45507813,-18.993902,-28.567074,-88.14024
311,0.7229004,-0.3269043,0.5722656,5.2134147,-39.359756,-83.414635
311,0.8466797,-0.27807617,0.52368164,32.65244,-37.469513,-58.963417
311,0.9543457,-0.16308594,0.42260742,47.65244,-29.085367,-34.17683
311,0.9069824,-0.03564453,0.33154297,30.15244,-17.012196,-10.304878
311,0.7609863,-0.036865234,0.3474121,6.615854,-6.2195125,-2.2256098
312,0.5979004,-0.09106445,0.38720703,-19.29878,-1.6768293,0
312,0.56762695,-0.21484375,0.38989258,-51.98171,10.121951,-5.8536587
312,0.62060547,-0.28930664,0.38500977,-47.5,14.847561,-8.384147
312,0.6591797,-0.31567383,0.3857422,-21.463415,11.280488,-13.536586
312,0.7368164,-0.28564453,0.41918945,1.5853659,4.054878,-20.182928
312,0.8354492,-0.29492188,0.44335938,1.7987806,-1.5548781,-24.72561
312,0.9577637,-0.30810547,0.46923828,-0.030487806,-4.8170733,-29.756098
312,1.0761719,-0.30859375,0.47387695,-4.878049,-6.1890244,-28.140245
312,1.3046875,-0.35229492,0.4794922,-13.1707325,-8.902439,-26.006098
312,1.4165039,-0.36035156,0.53100586,-18.75,-10.152439,-25.70122
312,0.78393555,-0.30273438,0.43432617,-28.59756,-0.945122,-4.3292685
312,0.8137207,-0.32177734,0.38061523,-8.871951,-3.2012196,29.72561
312,1.0493164,-0.31640625,0.3474121,36.798782,-7.3475614,45.27439
312,1.0270996,-0.234375,0.30200195,61.12805,5.762195,55.823174
312,0.95458984,-0.16455078,0.30126953,51.463417,11.219513,60.33537
312,0.7824707,-0.115478516,0.30395508,25.945122,10.27439,63.62805
312,0.6035156,-0.15209961,0.29418945,-5.5792685,8.414635,67.28659
312,0.6501465,-0.2097168,0.27685547,-6.737805,5.0914636,61.25
312,0.7438965,-0.2368164,0.2614746,7.530488,4.664634,48.780487
312,0.8491211,-0.22216797,0.24682617,27.317074,8.810976,34.359756
312,0.91015625,-0.1665039,0.26000977,30.060976,13.109756,22.469513
312,1.0354004,-0.18701172,0.28881836,18.689024,16.158537,10.27439
312,1.123291,-0.15332031,0.31152344,2.5304878,16.585365,-8.963415
312,1.0227051,-0.17651367,0.35205078,-16.67683,11.219513,-21.12805
312,1.2192383,-0.23803711,0.34936523,-21.006098,6.2195125,-35.884148
312,1.1745605,-0.2927246,0.3881836,-17.591463,-13.871951,-67.77439
312,0.8293457,-0.30126953,0.47143555,-9.847561,-27.408537,-76.92073
312,0.74365234,-0.28515625,0.5019531,9.481708,-30.457317,-67.743904
312,0.8625488,-0.21166992,0.44311523,35.670734,-32.134148,-36.585365
312,0.8803711,-0.08935547,0.36621094,35.42683,-19.481709,-12.926829
313,0.89404297,-0.03515625,0.33007813,17.164635,-11.158537,1.6463416
313,0.6633301,-0.046875,0.36669922,-20.609756,1.3719512,6.402439
313,0.5600586,-0.119140625,0.38598633,-51.09756,8.414635,2.5
313,0.60302734,-0.22583008,0.37036133,-65.45732,14.634147,-2.8048782
313,0.7121582,-0.27441406,0.37451172,-42.286587,12.743903,-12.286586
313,0.77319336,-0.28979492,0.3869629,-15.487805,5.518293,-19.695122
313,0.72265625,-0.26220703,0.42651367,0.18292683,-3.6890244,-26.981709
313,0.8171387,-0.3005371,0.47216797,6.2195125,-12.77439,-32.77439
313,0.9589844,-0.31396484,0.49975586,11.981708,-16.493902,-35.792683
313,1.1247559,-0.29614258,0.48828125,6.1890244,-14.085366,-34.664635
313,1.5854492,-0.3173828,0.51416016,-15.121952,-11.859756,-38.323174
313,1.1943359,-0.28222656,0.501709,-44.207317,-3.9634147,-31.493904
313,0.7988281,-0.30126953,0.4099121,-55.792683,7.5,-1.7378049
313,0.9814453,-0.35058594,0.36694336,-3.2012196,-6.0670733,38.841465
313,0.9592285,-0.3251953,0.32788086,42.317074,-0.39634147,53.323174
313,0.9406738,-0.2602539,0.3125,64.42073,3.3841465,63.78049
313,0.82666016,-0.14648438,0.3269043,55.823174,7.7439027,66.92073
313,0.6699219,-0.12182617,0.3005371,24.939026,11.158537,68.993904
313,0.5812988,-0.1628418,0.27026367,0.21341464,11.402439,68.018295
313,0.6591797,-0.25170898,0.2536621,7.408537,3.8414636,50.42683
313,0.79296875,-0.30200195,0.26879883,29.512196,3.3536587,32.865856
313,0.91918945,-0.25561523,0.27368164,49.725613,8.414635,17.92683
313,1.0522461,-0.15673828,0.2800293,39.512196,17.37805,2.7439024
313,1.1855469,-0.15429688,0.31884766,13.658537,22.195122,-4.9390244
313,1.1938477,-0.13549805,0.33911133,-11.585366,24.024391,-9.756098
313,1.1618652,-0.14477539,0.31201172,-41.585365,23.75,-10.853659
313,1.3549805,-0.18774414,0.3010254,-49.05488,14.3902445,-20.640244
313,0.96728516,-0.19335938,0.37329102,-49.48171,-6.280488,-38.109756
313,0.68310547,-0.28710938,0.45751953,-26.79878,-18.47561,-41.15854
313,0.8498535,-0.26098633,0.43823242,12.835366,-26.310976,-33.75
313,0.95336914,-0.22192383,0.38891602,36.463417,-26.890245,-27.65244
314,0.91186523,-0.123535156,0.3310547,40.121952,-19.17683,-17.439024
314,0.7871094,-0.08959961,0.32006836,23.59756,-10.426829,-14.3902445
314,0.6179199,-0.09692383,0.35009766,-3.3841465,-6.768293,-14.878049
314,0.5834961,-0.18969727,0.33789063,-38.140244,4.2073174,-22.34756
314,0.65283203,-0.24658203,0.31518555,-38.841465,8.384147,-25.518293
314,0.7163086,-0.29370117,0.328125,-19.207317,4.2987804,-28.414635
314,0.7832031,-0.30126953,0.3798828,7.682927,-3.932927,-31.189026
314,0.8132324,-0.28735352,0.41625977,11.432927,-8.841464,-32.469513
314,0.85961914,-0.3154297,0.4440918,9.786586,-13.506098,-35.121952
314,1.0053711,-0.29174805,0.45410156,7.6219516,-12.195122,-33.59756
314,1.1865234,-0.27441406,0.4411621,-10.091464,-10.121951,-26.67683
314,1.5197754,-0.34179688,0.5012207,-29.085367,-10.70122,-22.134148
314,0.9831543,-0.3095703,0.45629883,-45.182926,-2.7439024,-7.22561
314,0.7585449,-0.32421875,0.3779297,-33.47561,2.5304878,25.396341
314,1.0322266,-0.3869629,0.38598633,18.810976,-10.609756,46.067074
314,0.9963379,-0.28710938,0.35009766,74.87805,-1.4329269,60.792683
314,1.0095215,-0.20092773,0.31933594,78.23171,6.097561,68.17073
314,0.88061523,-0.107666016,0.30322266,59.298782,10.762196,70.64024
314,0.64501953,-0.12548828,0.2836914,12.103659,10.091464,73.71951
314,0.63134766,-0.19946289,0.27246094,-2.7439024,6.768293,68.53659
314,0.71313477,-0.23461914,0.26513672,5.4268293,5.518293,53.384148
314,0.8598633,-0.25634766,0.25317383,27.22561,11.067074,34.390244
314,0.93530273,-0.16210938,0.25561523,35.70122,18.90244,20.457317
314,1.0244141,-0.13378906,0.2763672,22.530489,25.640245,10.823171
314,1.21875,-0.11303711,0.27978516,-2.957317,33.17073,1.3414634
314,1.0651855,-0.10546875,0.28271484,-27.22561,29.45122,-5.640244
314,1.2590332,-0.18823242,0.2705078,-39.573174,20.54878,-17.560976
314,1.1010742,-0.27661133,0.35253906,-29.390245,-10.670732,-51.920734
314,0.75,-0.31860352,0.515625,-6.3719516,-31.859756,-64.939026
314,0.5942383,-0.2993164,0.548584,31.067074,-40.121952,-58.048782
314,0.9250488,-0.21289063,0.44360352,73.53659,-38.689026,-34.60366
315,1.0310059,-0.046142578,0.3557129,70.518295,-26.890245,-19.115854
315,0.88012695,0.05834961,0.3317871,27.530489,-14.817074,-15.27439
315,0.61376953,-0.010986328,0.38452148,-35.060978,-0.36585367,-10.304878
315,0.5678711,-0.13696289,0.40625,-65.03049,6.737805,-10.884147
315,0.6357422,-0.2355957,0.37158203,-67.80488,17.164635,-10.121951
315,0.70092773,-0.27368164,0.36401367,-38.59756,14.817074,-12.987805
315,0.7312012,-0.2841797,0.39819336,-16.554878,7.682927,-17.37805
315,0.689209,-0.26342773,0.4440918,-7.77439,0.27439025,-23.323172
315,0.7883301,-0.27954102,0.46362305,-9.237805,-7.3170733,-30.060976
315,0.9326172,-0.29907227,0.4658203,-8.04878,-12.073171,-34.84756
315,1.2001953,-0.3071289,0.43066406,-12.012196,-11.859756,-36.310978
315,1.6298828,-0.34643555,0.47387695,-16.615854,-14.085366,-35.670734
315,1.1784668,-0.31445313,0.46020508,-26.25,-11.920732,-25.54878
315,0.71362305,-0.2697754,0.38867188,-24.786587,-8.445122,4.6036587
315,0.904541,-0.30151367,0.33203125,21.768293,-20.945122,37.591465
315,1.0061035,-0.26879883,0.29101563,52.317074,-13.20122,46.463417
315,0.98461914,-0.21777344,0.27124023,60.33537,-5.8231707,49.7561
315,0.9309082,-0.11694336,0.26611328,45.518295,2.652439,51.0061
315,0.73950195,-0.09838867,0.25048828,19.146341,1.4634147,51.15854
315,0.6437988,-0.1538086,0.27172852,-0.15243903,-1.7987806,46.768295
315,0.74072266,-0.2290039,0.28393555,0.06097561,-2.0731707,37.65244
315,0.8515625,-0.19799805,0.25219727,17.896341,1.2195122,25.823172
315,0.9992676,-0.15942383,0.23120117,25.731709,9.29878,14.756098
315,1.026123,-0.076660156,0.25024414,10,21.036587,5.182927
315,1.1086426,-0.08520508,0.27197266,-5.2439027,26.67683,1.2195122
315,1.0986328,-0.05053711,0.27319336,-15.426829,29.72561,-3.8414636
315,0.98413086,-0.0925293,0.2854004,-26.859756,22.682928,-13.658537
315,1.3605957,-0.17089844,0.25927734,-27.012196,19.024391,-32.5
315,1.2810059,-0.22460938,0.27905273,-30.060976,8.536586,-55.15244
315,0.7390137,-0.25,0.3894043,-21.79878,-11.646341,-63.170734
316,0.65527344,-0.25219727,0.42163086,4.542683,-23.231709,-48.44512
316,0.8366699,-0.18310547,0.3815918,36.15854,-33.628048,-28.810976
316,0.9645996,-0.115234375,0.3161621,44.573174,-27.042683,-10.365854
316,0.86328125,-0.080566406,0.30737305,23.90244,-20.182928,-9.512196
316,0.6750488,-0.04638672,0.3605957,-9.573171,-10.762196,-11.006098
316,0.59765625,-0.15185547,0.35424805,-48.384148,-0.73170733,-12.804878
316,0.6628418,-0.19921875,0.33081055,-45.792683,5.5792685,-10.914635
316,0.7524414,-0.23876953,0.34960938,-25.213415,2.8658538,-13.231708
316,0.80126953,-0.21313477,0.3786621,-11.859756,1.6768293,-15.121952
316,0.75805664,-0.22241211,0.4050293,-17.34756,-3.628049,-15.914635
316,0.85302734,-0.2770996,0.44726563,-15.243903,-10.27439,-19.542683
316,1.0412598,-0.29882813,0.47265625,-0.030487806,-15.182927,-18.841463
316,1.2463379,-0.2956543,0.47265625,4.5731707,-13.414635,-17.134148
316,1.5097656,-0.30395508,0.49243164,2.7134147,-12.865854,-19.054878
316,1.0568848,-0.22387695,0.4724121,-15.121952,-5.396342,-12.103659
316,0.7011719,-0.21264648,0.3935547,-24.573172,3.8414636,12.103659
316,0.93066406,-0.25805664,0.37060547,6.0670733,-3.0487804,33.65854
316,1.0241699,-0.2006836,0.32958984,36.52439,7.408537,46.585365
316,0.9890137,-0.16723633,0.28173828,31.341465,18.841463,51.615856
316,0.87646484,-0.12402344,0.26782227,17.042683,20.884148,50.365856
316,0.70288086,-0.14892578,0.26293945,-13.414635,20.70122,51.646343
316,0.7102051,-0.19873047,0.25146484,-19.085367,19.29878,49.90854
316,0.78881836,-0.22094727,0.22265625,-5.670732,17.896341,43.59756
316,0.8562012,-0.2006836,0.20483398,12.469513,18.231709,32.286587
316,0.89331055,-0.15698242,0.2109375,19.45122,20.15244,22.469513
316,0.9560547,-0.13696289,0.24389648,12.378049,21.432928,12.865854
316,1.1894531,-0.15136719,0.27734375,-1.9207318,21.95122,-2.4085367
316,1.0441895,-0.13183594,0.2902832,-10.731708,17.073172,-11.585366
316,1.060791,-0.17089844,0.29296875,-12.591464,10.121951,-20.335367
316,1.4047852,-0.21655273,0.3149414,-7.3170733,-2.6219513,-46.463417
316,0.986084,-0.23461914,0.40942383,-16.524391,-18.90244,-61.371952
317,0.6879883,-0.25585938,0.48779297,-8.658537,-25.823172,-58.414635
317,0.81469727,-0.24438477,0.45751953,36.280487,-35.57927,-29.817074
317,0.9645996,-0.12158203,0.38964844,56.920734,-27.22561,-8.506098
317,0.95654297,-0.019042969,0.34155273,43.475613,-18.90244,2.987805
317,0.7089844,-0.006347656,0.3671875,-2.8963416,-3.140244,0.57926834
317,0.5505371,-0.06933594,0.3852539,-40.97561,4.9390244,-2.1646342
317,0.58251953,-0.17236328,0.36108398,-62.469513,13.902439,-5.152439
317,0.68603516,-0.25048828,0.35839844,-44.05488,14.878049,-11.8902445
317,0.75756836,-0.29223633,0.38305664,-18.90244,9.481708,-19.84756
317,0.7492676,-0.2631836,0.41967773,-3.902439,3.6890244,-26.707317
317,0.76831055,-0.28442383,0.45410156,1.3414634,-6.432927,-34.05488
317,0.89160156,-0.3125,0.47729492,8.75,-11.219513,-36.341465
317,1.0817871,-0.3071289,0.45581055,12.347561,-10.70122,-35.457317
317,1.5939941,-0.32861328,0.48876953,3.140244,-9.207317,-30.945122
317,1.3029785,-0.27172852,0.49047852,-18.506098,-3.902439,-22.92683
317,0.8339844,-0.24926758,0.41137695,-38.65854,5.97561,5.7317076
317,1.0014648,-0.33276367,0.39404297,2.6219513,-4.6951222,45.823174
317,1.0292969,-0.30664063,0.3515625,41.280487,0.030487806,59.634148
317,1.0131836,-0.2758789,0.3239746,63.23171,6.3414636,69.664635
317,0.9152832,-0.13549805,0.3154297,62.68293,15.121952,73.75
317,0.73950195,-0.09741211,0.29077148,36.189026,18.780489,77.53049
317,0.6171875,-0.12133789,0.2705078,5.914634,19.024391,76.85976
317,0.67822266,-0.19116211,0.26098633,-5.8841467,15.70122,63.323174
317,0.7624512,-0.21191406,0.24853516,2.1036587,16.737804,48.170734
317,0.80859375,-0.22192383,0.2331543,10.853659,18.62805,32.65244
317,0.9680176,-0.1899414,0.26342773,23.59756,20.914635,11.554878
317,1.1948242,-0.1652832,0.26611328,15.182927,24.695122,-3.2317073
317,1.151123,-0.140625,0.28515625,-7.164634,24.29878,-13.231708
317,1.0808105,-0.18530273,0.3149414,-25.457317,15.731708,-23.07927
317,1.309082,-0.19628906,0.2849121,-26.189026,7.987805,-37.378048
318,1.1967773,-0.22753906,0.30004883,-31.95122,-8.932927,-61.920734
318,0.6911621,-0.25756836,0.4501953,-30,-30.15244,-74.35976
318,0.6633301,-0.27319336,0.46533203,-7.3170733,-35.121952,-66.79878
318,0.84033203,-0.24169922,0.43676758,22.408537,-40.42683,-52.77439
318,0.90063477,-0.13671875,0.36889648,32.80488,-31.12805,-32.378048
318,0.8798828,-0.0847168,0.32714844,18.993902,-20.609756,-22.682928
318,0.72875977,-0.051757813,0.3503418,-1.4939024,-11.25,-19.085367
318,0.6660156,-0.14013672,0.39331055,-40.85366,-2.987805,-21.524391
318,0.73535156,-0.21118164,0.37670898,-57.40854,9.29878,-23.018293
318,0.77905273,-0.23632813,0.36621094,-50.94512,11.768293,-21.40244
318,0.8286133,-0.26879883,0.39575195,-26.067074,6.7987804,-22.774391
318,0.765625,-0.2770996,0.4309082,-9.908537,0.12195122,-22.835367
318,0.7780762,-0.28881836,0.4741211,2.195122,-6.0365853,-27.65244
318,0.8811035,-0.32104492,0.4946289,9.176829,-10.182927,-36.920734
318,1.0717773,-0.2980957,0.47558594,2.5609756,-7.5,-39.7561
318,1.4777832,-0.3605957,0.5058594,-11.493903,-9.268293,-40.365856
318,1.1313477,-0.34033203,0.51708984,-25.823172,-3.3536587,-27.987806
318,0.7780762,-0.31030273,0.41625977,-26.859756,9.908537,7.3475614
318,1.0053711,-0.34375,0.39648438,8.445122,-1.6768293,45.243904
318,1.0576172,-0.29711914,0.36767578,61.25,1.7378049,70.18293
318,1.045166,-0.23168945,0.32788086,69.14634,10.27439,84.11585
318,0.9140625,-0.13232422,0.30151367,59.237804,15.335366,89.42073
318,0.6574707,-0.11743164,0.27563477,26.219513,13.993903,95.09147
318,0.6188965,-0.1862793,0.2680664,13.780488,11.006098,93.23171
318,0.7116699,-0.22192383,0.24438477,18.323172,10.335366,81.82927
318,0.78222656,-0.25195313,0.22558594,31.67683,10.762196,64.48171
318,0.9421387,-0.23291016,0.25463867,42.317074,15.060976,49.420734
318,1.0891113,-0.19848633,0.26953125,37.134148,23.109756,38.07927
318,1.1828613,-0.15795898,0.25024414,5.792683,26.493902,22.530489
318,1.0895996,-0.11987305,0.2705078,-18.292683,21.09756,7.4390244
318,0.9802246,-0.10546875,0.3100586,-32.560978,12.5,-10.060976
319,1.2163086,-0.22045898,0.2927246,-39.359756,-0.33536586,-47.77439
319,0.98095703,-0.3095703,0.35961914,-29.634148,-21.25,-74.45122
319,0.7336426,-0.31298828,0.47631836,-1.890244,-36.40244,-82.80488
319,0.81225586,-0.29077148,0.4987793,40.640244,-46.067074,-68.96342
319,0.9499512,-0.20214844,0.45385742,59.08537,-42.591465,-45.060978
319,0.9658203,-0.0847168,0.37060547,47.743904,-35.85366,-26.310976
319,0.8388672,-0.03540039,0.31958008,9.603659,-22.34756,-18.07927
319,0.6647949,-0.068847656,0.34570313,-15.762196,-15.335366,-16.432928
319,0.5690918,-0.11694336,0.38110352,-38.810978,-4.8170733,-19.573172
319,0.6682129,-0.2109375,0.36376953,-50.670734,9.45122,-19.786587
319,0.76000977,-0.25268555,0.37426758,-38.932926,11.768293,-21.341463
319,0.8063965,-0.265625,0.4025879,-24.756098,7.8353662,-26.371952
319,0.77001953,-0.28198242,0.4423828,-17.012196,-0.30487806,-29.695122
319,0.8359375,-0.31762695,0.45874023,-6.5853662,-8.597561,-32.40854
319,0.9206543,-0.31567383,0.47265625,6.9512196,-14.908537,-34.939026
319,1.2133789,-0.3125,0.44750977,8.353659,-13.353659,-36.493904
319,1.5302734,-0.3408203,0.51049805,0.24390244,-12.896341,-43.262196
319,1.2434082,-0.31445313,0.5119629,-17.865854,-6.737805,-39.45122
319,0.80908203,-0.27246094,0.40014648,-39.72561,14.4207325,1.6768293
319,0.9289551,-0.2763672,0.3486328,-9.603659,6.2195125,38.44512
319,0.9626465,-0.27807617,0.31298828,32.07317,4.2987804,59.634148
319,1.0073242,-0.26342773,0.2841797,61.52439,13.1707325,79.756096
319,0.95092773,-0.17919922,0.28686523,61.615856,17.5,85.335365
319,0.76464844,-0.1184082,0.2746582,40.396343,21.067074,90.67073
319,0.66381836,-0.16015625,0.26831055,5.7012196,19.420732,89.96951
319,0.75146484,-0.21289063,0.26538086,-1.097561,16.341463,80.243904
319,0.8054199,-0.21386719,0.2709961,3.902439,15.060976,65.45732
319,0.91259766,-0.2043457,0.24829102,10.060976,18.323172,41.768295
319,0.9580078,-0.15161133,0.25439453,10.060976,23.323172,24.84756
319,1.1130371,-0.14038086,0.26782227,1.0670732,27.957317,8.20122
319,1.1030273,-0.110839844,0.27416992,-21.79878,28.20122,-15.091464
320,1.078125,-0.17260742,0.2824707,-38.018295,21.707317,-30.670732
320,1.2692871,-0.2277832,0.27294922,-41.15854,14.237805,-53.810978
320,1.0212402,-0.3166504,0.35913086,-33.871952,-15.6402445,-86.40244
320,0.7548828,-0.3251953,0.48413086,-15.6402445,-31.219513,-90.79269
320,0.748291,-0.29858398,0.50146484,13.719513,-36.585365,-78.44512
320,0.875,-0.21289063,0.4260254,49.390244,-39.02439,-46.09756
320,0.8769531,-0.10180664,0.34423828,50.670734,-32.34756,-27.896341
320,0.8208008,-0.021728516,0.31958008,30.762196,-23.963415,-20.731709
320,0.62402344,-0.04296875,0.36865234,-13.689025,-10.182927,-21.585367
320,0.5830078,-0.1459961,0.38012695,-45.884148,0.6402439,-26.79878
320,0.6694336,-0.23217773,0.3713379,-59.146343,10.762196,-30.762196
320,0.7976074,-0.31152344,0.38891602,-43.109756,10.457317,-30.97561
320,0.8129883,-0.31689453,0.41796875,-22.37805,6.0365853,-33.414635
320,0.77124023,-0.29858398,0.4597168,-9.329268,-1.5243902,-33.932926
320,0.8601074,-0.32299805,0.48095703,-1.1585367,-7.896342,-35.243904
320,0.96655273,-0.31445313,0.4790039,1.6768293,-10.54878,-35.884148
320,1.2287598,-0.32080078,0.45117188,-4.4817076,-7.256098,-31.890245
320,1.4790039,-0.36938477,0.49975586,-14.3902445,-7.2865853,-24.390244
320,1.0666504,-0.32177734,0.47094727,-23.536587,2.195122,-3.0792685
320,0.8630371,-0.31225586,0.3881836,-14.146341,8.75,38.993904
320,1.0944824,-0.28344727,0.33032227,37.286587,0.09146342,79.32927
320,1.036377,-0.25708008,0.30078125,58.414635,7.560976,96.55488
320,1.0336914,-0.20361328,0.3034668,65.518295,12.439025,107.71342
320,0.8378906,-0.10913086,0.2993164,49.939026,16.890244,113.96342
320,0.68481445,-0.103027344,0.2692871,20.914635,18.018293,114.96951
320,0.65649414,-0.14941406,0.25878906,-0.27439025,16.09756,108.81098
320,0.765625,-0.2084961,0.24780273,-5.182927,13.353659,84.57317
320,0.86743164,-0.2434082,0.23364258,1.5243902,15.579268,65.60976
320,0.91381836,-0.23291016,0.22705078,10.731708,18.140244,44.786587
320,0.97387695,-0.2084961,0.25146484,12.286586,20.57927,18.658537
321,1.0822754,-0.19580078,0.2602539,4.268293,20.243902,-4.756098
321,0.98046875,-0.18481445,0.29077148,-11.768293,15.823171,-27.22561
321,1.2822266,-0.28393555,0.2709961,-30.670732,1.5243902,-63.170734
321,1.1784668,-0.33862305,0.30908203,-31.890245,-16.707317,-104.35976
321,0.8166504,-0.35327148,0.45214844,-17.896341,-39.939026,-119.63415
321,0.7619629,-0.34033203,0.5144043,21.036587,-47.317074,-108.018295
321,0.9831543,-0.2824707,0.46191406,53.048782,-50.060978,-79.5122
321,1.0319824,-0.16577148,0.3828125,64.176834,-41.25,-51.67683
321,0.8679199,-0.026123047,0.35180664,42.10366,-24.908537,-23.841463
321,0.6530762,0.036621094,0.38061523,2.2865853,-13.079268,-13.658537
321,0.5632324,-0.059326172,0.39331055,-47.77439,-2.6219513,-13.902439
321,0.6767578,-0.23339844,0.37719727,-72.22561,15.762196,-18.018293
321,0.74975586,-0.3022461,0.37231445,-59.08537,20.365854,-16.158537
321,0.81396484,-0.3461914,0.3947754,-38.871952,18.20122,-20.640244
321,0.7282715,-0.31079102,0.43701172,-20.335367,10.304878,-25.609756
321,0.7548828,-0.3022461,0.4350586,-16.585365,2.012195,-29.024391
321,0.8671875,-0.33642578,0.44018555,-9.085366,-8.628049,-34.72561
321,1.1166992,-0.3449707,0.4260254,-0.4878049,-12.042684,-34.32927
321,1.4577637,-0.38500977,0.4477539,0.33536586,-12.469513,-33.292683
321,1.3413086,-0.34472656,0.46166992,-4.1463413,-9.878049,-24.939026
321,0.82543945,-0.2800293,0.3798828,-19.420732,3.3536587,11.859756
321,0.9506836,-0.27539063,0.33081055,-4.542683,1.2195122,51.890244
321,1.0581055,-0.3022461,0.29858398,29.115854,-2.1646342,70.518295
321,1.0673828,-0.25927734,0.2836914,56.707317,7.987805,89.268295
321,0.9868164,-0.19824219,0.27124023,53.140244,12.591464,100.09147
321,0.8041992,-0.12939453,0.25610352,38.5061,12.347561,108.78049
321,0.67822266,-0.1538086,0.24438477,8.993902,11.067074,109.57317
321,0.70458984,-0.19824219,0.23925781,-1.25,6.646342,99.57317
321,0.75512695,-0.2434082,0.23706055,0.85365856,2.7134147,81.73781
321,0.8371582,-0.22314453,0.23925781,13.841464,3.5670733,54.512196
321,0.9050293,-0.1953125,0.2421875,21.615854,7.1036587,30.853659
322,1.0314941,-0.18041992,0.26782227,18.140244,11.585366,6.2195125
322,1.0905762,-0.14526367,0.2919922,3.9634147,15.792684,-26.463415
322,1.0014648,-0.14990234,0.31298828,-15.396342,11.768293,-44.237804
322,1.2402344,-0.22485352,0.30004883,-30.304878,8.109756,-65.426834
322,1.2302246,-0.3256836,0.328125,-33.536587,-10.091464,-106.15854
322,0.88793945,-0.3557129,0.43774414,-23.018293,-28.04878,-118.56708
322,0.7746582,-0.34765625,0.48608398,-0.45731708,-31.79878,-112.65244
322,0.9128418,-0.28808594,0.42260742,38.323174,-36.189026,-77.68293
322,0.9284668,-0.19116211,0.31567383,45.487804,-25.42683,-51.310978
322,0.9165039,-0.115234375,0.25048828,35.396343,-16.463415,-29.512196
322,0.71606445,-0.040527344,0.28857422,-1.097561,-5.27439,-14.695123
322,0.5996094,-0.111816406,0.32788086,-46.036587,5.121951,-7.5914636
322,0.6574707,-0.20117188,0.328125,-72.86585,14.939025,-5.335366
322,0.7590332,-0.2944336,0.33203125,-74.63415,18.384148,-3.2926831
322,0.7495117,-0.31445313,0.35913086,-60.609756,15.609756,-7.8353662
322,0.69628906,-0.34106445,0.4074707,-38.47561,6.3109756,-14.085366
322,0.79003906,-0.35009766,0.46411133,-7.7439027,-7.378049,-25.518293
322,0.892334,-0.35302734,0.48486328,8.262196,-15.97561,-35.091465
322,1.0808105,-0.36035156,0.46655273,16.432928,-15.853659,-38.384148
322,1.7241211,-0.3881836,0.5131836,22.65244,-14.268293,-37.164635
322,1.2609863,-0.2783203,0.4699707,3.628049,-6.25,-27.682928
322,0.81225586,-0.23535156,0.36572266,-20.182928,8.262196,9.969512
322,0.94799805,-0.2565918,0.31079102,18.719513,-2.5609756,62.012196
322,0.99975586,-0.2841797,0.28881836,53.048782,0.39634147,74.81708
322,1.0534668,-0.28320313,0.27001953,67.59147,9.664635,82.439026
322,0.9091797,-0.16186523,0.25683594,49.786587,21.493902,90.60976
322,0.75756836,-0.099853516,0.23779297,17.682928,25.609756,100.60976
322,0.71362305,-0.13354492,0.23657227,-5.121951,23.170732,103.689026
322,0.7800293,-0.19311523,0.2277832,-12.682927,17.774391,90
322,0.8137207,-0.22998047,0.23168945,-11.067074,17.103659,72.31708
323,0.88256836,-0.23461914,0.22680664,-3.445122,19.634148,51.219513
323,0.9892578,-0.18408203,0.2434082,7.9268293,26.341465,21.12805
323,1.1298828,-0.15429688,0.26342773,4.02439,29.969513,-2.2256098
323,1.1157227,-0.12548828,0.2770996,-13.231708,29.32927,-23.59756
323,1.1547852,-0.18066406,0.28076172,-38.59756,21.189024,-50.457317
323,1.3950195,-0.28173828,0.26953125,-45.030487,8.628049,-78.47561
323,1.0681152,-0.35083008,0.33447266,-36.280487,-16.859756,-107.2561
323,0.6730957,-0.38500977,0.48266602,-3.8109758,-33.292683,-115
323,0.78125,-0.3461914,0.4777832,37.957317,-36.646343,-98.04878
323,0.94384766,-0.27075195,0.3713379,66.61585,-33.536587,-72.560974
323,0.9091797,-0.09008789,0.25610352,51.310978,-22.164635,-41.067074
323,0.84228516,-0.02319336,0.27539063,22.92683,-12.926829,-25.884148
323,0.66186523,-0.03515625,0.34399414,-15.060976,-8.597561,-19.634148
323,0.59399414,-0.17285156,0.35888672,-71.493904,6.4634147,-17.22561
323,0.68896484,-0.2734375,0.32861328,-84.05488,17.987804,-15
323,0.78637695,-0.3322754,0.33007813,-63.048782,16.25,-13.506098
323,0.7739258,-0.34448242,0.37329102,-24.481709,7.804878,-20.945122
323,0.7055664,-0.3347168,0.41455078,-6.7073174,-1.0670732,-26.12805
323,0.75878906,-0.35083008,0.45043945,5.8841467,-10.54878,-35.70122
323,0.9345703,-0.36743164,0.4729004,20.54878,-17.621952,-46.0061
323,1.3188477,-0.40307617,0.47583008,23.353659,-14.603659,-46.0061
323,1.6357422,-0.3774414,0.5148926,23.47561,-12.621951,-38.07927
323,0.9580078,-0.2685547,0.45532227,-6.0365853,3.6585367,-4.4512196
323,0.8647461,-0.26123047,0.38134766,-6.097561,11.158537,48.5061
323,1.0893555,-0.27807617,0.31640625,32.469513,3.8719513,80.97561
323,1.1228027,-0.28515625,0.29418945,65.82317,15.27439,102.59147
323,1.1030273,-0.22216797,0.2890625,70.27439,23.689026,113.689026
323,0.91967773,-0.14086914,0.28271484,53.841465,26.25,120.79269
323,0.6813965,-0.1394043,0.2590332,18.140244,25.15244,123.35366
323,0.63671875,-0.19067383,0.23754883,3.0182927,19.72561,117.19512
323,0.72021484,-0.25146484,0.22265625,5.304878,12.804878,100
324,0.8017578,-0.2578125,0.20605469,19.390244,12.012196,72.22561
324,0.8857422,-0.24047852,0.19921875,29.268293,14.4207325,48.567074
324,0.9941406,-0.17578125,0.21899414,26.219513,19.756098,24.908537
324,1.1411133,-0.14697266,0.2397461,1.6158537,25.57927,-4.054878
324,1.0471191,-0.14160156,0.26513672,-20.213415,19.817074,-21.371952
324,1.2077637,-0.20703125,0.26391602,-37.164635,11.768293,-39.939026
324,1.2097168,-0.2998047,0.27539063,-42.77439,-11.310976,-79.268295
324,0.86083984,-0.34399414,0.4025879,-30.823172,-32.865856,-97.926834
324,0.720459,-0.33813477,0.48510742,-2.195122,-40.518295,-98.597565
324,0.91137695,-0.31103516,0.46948242,47.225613,-46.859756,-77.37805
324,0.9165039,-0.19360352,0.37475586,64.45122,-41.55488,-55.70122
324,0.93603516,-0.087890625,0.30688477,49.969513,-34.90854,-40.85366
324,0.7895508,-0.052490234,0.3359375,11.493903,-24.024391,-36.128048
324,0.64208984,-0.11254883,0.38598633,-23.292683,-17.439024,-35.27439
324,0.6257324,-0.19311523,0.38305664,-56.55488,-3.8414636,-35.42683
324,0.72924805,-0.2854004,0.3474121,-66.73781,8.689025,-32.77439
324,0.7998047,-0.32666016,0.3569336,-50.73171,5.670732,-36.40244
324,0.7895508,-0.3515625,0.3930664,-34.359756,1.1890244,-42.40854
324,0.7841797,-0.36889648,0.45654297,-10.609756,-7.682927,-45.914635
324,0.8815918,-0.36767578,0.4951172,6.646342,-14.481708,-50.548782
324,1.0351563,-0.34594727,0.4873047,10.914635,-11.128049,-49.237804
324,1.4943848,-0.35424805,0.4597168,2.5609756,-3.140244,-34.939026
324,1.4377441,-0.28442383,0.4633789,-16.341463,0.88414633,-21.25
324,0.9746094,-0.2529297,0.4423828,-46.219513,14.359756,9.237805
324,0.92993164,-0.28881836,0.3779297,-18.567074,10.792684,66.73781
324,1.0556641,-0.30908203,0.3330078,23.536587,8.262196,89.664635
324,1.0622559,-0.3088379,0.2980957,51.28049,13.810976,105.64024
324,1.0246582,-0.19799805,0.28686523,66.28049,19.268293,115.30488
324,0.83374023,-0.10473633,0.27514648,47.40854,22.835367,118.993904
324,0.6738281,-0.10888672,0.26367188,12.896341,22.743902,120.21342
324,0.6652832,-0.20678711,0.24145508,-9.542684,15.365854,110.27439
325,0.75024414,-0.24609375,0.22583008,-6.402439,12.469513,88.689026
325,0.82128906,-0.27148438,0.20874023,2.8048782,12.469513,65.426834
325,0.86376953,-0.25195313,0.203125,16.189024,14.085366,35.914635
325,0.94311523,-0.21191406,0.24707031,15.823171,15.609756,12.469513
325,1.0576172,-0.21435547,0.2722168,8.536586,15.304878,-9.817074
325,0.9655762,-0.18969727,0.2932129,-8.780488,9.695122,-33.689026
325,1.1628418,-0.24072266,0.2980957,-23.567074,1.7987806,-52.37805
325,1.3115234,-0.31201172,0.31201172,-29.054878,-12.012196,-83.56708
325,0.8701172,-0.359375,0.4543457,-18.993902,-39.664635,-113.47561
325,0.6904297,-0.35595703,0.51831055,3.2012196,-45.060978,-110.45732
325,0.8215332,-0.32080078,0.49731445,39.05488,-47.896343,-90.64024
325,0.97387695,-0.1899414,0.36401367,63.59756,-36.646343,-57.073174
325,1.0090332,-0.08691406,0.28295898,48.810978,-26.82927,-36.128048
325,0.9001465,-0.040771484,0.32299805,17.896341,-15.914635,-25.396341
325,0.68115234,-0.09838867,0.39379883,-46.036587,-3.932927,-15.396342
325,0.654541,-0.20507813,0.3684082,-80.82317,9.45122,-11.189025
325,0.69018555,-0.27490234,0.32739258,-85.88415,15.426829,-4.5731707
325,0.7651367,-0.3359375,0.33251953,-59.359756,11.128049,-7.77439
325,0.75561523,-0.33984375,0.35913086,-34.969513,6.737805,-11.646341
325,0.7224121,-0.33520508,0.3996582,-13.567074,-1.1890244,-17.195122
325,0.83447266,-0.3371582,0.46240234,9.45122,-12.560976,-30.060976
325,0.92993164,-0.34155273,0.46923828,18.841463,-13.384147,-37.835365
325,1.1323242,-0.3413086,0.4411621,19.024391,-8.506098,-39.878048
325,1.6469727,-0.3161621,0.5041504,7.7134147,-3.4756098,-38.567074
325,1.2700195,-0.2355957,0.46435547,-32.10366,7.22561,-27.530489
325,0.8256836,-0.24829102,0.3918457,-61.707317,20.274391,7.4695125
325,0.8640137,-0.28100586,0.33422852,-14.756098,7.9573174,56.82927
325,0.9938965,-0.31079102,0.29003906,29.72561,9.237805,75.30488
325,1.0405273,-0.30664063,0.2541504,55.243904,14.45122,86.006096
325,1.015625,-0.21240234,0.26782227,63.07927,17.134148,86.03659
325,0.84350586,-0.14746094,0.2800293,39.969513,18.445122,84.939026
326,0.6970215,-0.15844727,0.265625,9.664635,17.591463,83.14024
326,0.6437988,-0.234375,0.23632813,-3.9939024,9.3902445,75.85366
326,0.70874023,-0.29785156,0.2175293,8.47561,4.5731707,62.469513
326,0.7426758,-0.33520508,0.20581055,29.756098,3.0182927,46.95122
326,0.75805664,-0.3618164,0.23364258,52.92683,2.4085367,28.292683
326,0.8093262,-0.37231445,0.2685547,59.7561,4.1463413,15.030488
326,0.9016113,-0.4086914,0.3010254,54.05488,5.396342,5.5792685
326,1.0063477,-0.41870117,0.34423828,39.72561,8.323171,-6.432927
326,0.96313477,-0.38989258,0.35107422,23.506098,10.030488,-9.085366
326,1.1674805,-0.42163086,0.35205078,4.664634,5.792683,-14.02439
326,1.2180176,-0.47875977,0.4790039,-13.567074,-15.152439,-36.52439
326,0.7663574,-0.46240234,0.53222656,-18.719513,-21.158537,-35.670734
326,0.5463867,-0.43603516,0.50097656,-4.390244,-20.304878,-12.896341
326,0.8178711,-0.4013672,0.44384766,42.10366,-30.304878,13.628049
326,0.8955078,-0.30664063,0.39111328,71.43293,-24.29878,28.414635
326,0.89453125,-0.24072266,0.3503418,79.20732,-17.774391,41.341465
326,0.85595703,-0.203125,0.359375,70.7622,-8.079268,48.35366
326,0.7832031,-0.19482422,0.40429688,47.713417,-9.603659,45.762196
326,0.6887207,-0.26513672,0.42456055,10,-9.359756,43.963417
326,0.6254883,-0.3737793,0.3635254,-17.22561,-13.536586,40
326,0.63549805,-0.43847656,0.30615234,-3.4756098,-24.207317,34.817074
326,0.6569824,-0.49194336,0.27172852,26.036587,-35.091465,29.45122
326,0.6525879,-0.49243164,0.27319336,71.768295,-48.75,25.97561
326,0.6906738,-0.484375,0.29516602,96.85976,-57.83537,23.62805
326,0.7766113,-0.45532227,0.32592773,108.597565,-61.40244,22.317074
326,0.8105469,-0.41503906,0.31933594,100.73171,-60.27439,24.573172
326,0.94433594,-0.41870117,0.24902344,90.36585,-60.121952,27.743902
326,1.222168,-0.4248047,0.24584961,82.28659,-61.09756,25.274391
326,1.1396484,-0.41381836,0.24584961,69.45122,-56.40244,22.743902
326,1.0646973,-0.38110352,0.16503906,63.93293,-56.798782,23.963415
327,1.0461426,-0.34448242,0.083496094,61.615856,-58.5061,23.567074
327,1.0053711,-0.3383789,0.016845703,57.621952,-56.493904,21.646341
327,0.95410156,-0.3305664,-0.04345703,58.048782,-50.091465,23.170732
327,0.8959961,-0.2783203,-0.09448242,60.30488,-47.957317,21.615854
327,0.8510742,-0.24414063,-0.12060547,59.84756,-49.390244,19.085367
327,0.8449707,-0.25146484,-0.095703125,53.109756,-52.19512,13.75
327,0.8718262,-0.28735352,-0.053222656,44.725613,-54.115856,4.72561
327,0.87524414,-0.34277344,-0.016113281,47.560978,-52.80488,-10.945122
327,0.9350586,-0.3852539,-0.020507813,57.957317,-51.52439,-23.353659
327,1.0004883,-0.42114258,-0.014404297,72.07317,-48.536587,-33.07927
327,1.0288086,-0.4326172,0.007568359,101.52439,-45.396343,-33.384148
327,1.0776367,-0.44335938,0.015625,129.57318,-45.091465,-22.256098
327,1.0871582,-0.40234375,0.020019531,155.97562,-42.2561,-6.9817076
327,1.064209,-0.33642578,0.022460938,165.30489,-33.32317,11.676829
327,1.0690918,-0.29370117,0.02734375,153.38416,-22.896341,19.969513
327,1.0395508,-0.2775879,0.03466797,131.15854,-11.371951,22.957317
327,1.0141602,-0.3034668,0.02758789,110,0.91463417,25.54878
327,1.0187988,-0.3100586,0.029541016,111.43293,4.390244,26.09756
327,1.0664063,-0.30517578,0.036132813,116.55488,6.432927,25.609756
327,1.1401367,-0.2434082,0.05810547,110.09147,10.030488,19.634148
327,0.97924805,-0.1977539,0.0949707,85.82317,15.030488,16.859756
327,0.8874512,-0.18408203,0.11816406,61.67683,17.37805,16.189024
327,0.87402344,-0.171875,0.12548828,43.628048,19.420732,10.243902
327,0.8483887,-0.18115234,0.12890625,31.859756,23.384148,5
327,0.828125,-0.15820313,0.12133789,17.713415,29.085367,5.152439
327,0.951416,-0.12573242,0.1237793,-12.164635,28.109756,13.079268
327,1.0571289,-0.15625,0.19213867,-29.29878,15.426829,12.286586
327,0.9765625,-0.22827148,0.29663086,-29.908537,0.30487806,6.3719516
327,0.7788086,-0.25610352,0.34643555,4.4817076,-16.036585,2.0731707
327,0.79345703,-0.24389648,0.33447266,47.92683,-26.341465,1.9512196
327,0.85546875,-0.21020508,0.34643555,84.939026,-31.219513,0.12195122
328,0.81469727,-0.15478516,0.35302734,104.5122,-34.17683,-5
328,0.82006836,-0.1550293,0.39111328,96.12805,-34.48171,-12.804878
328,0.85180664,-0.19506836,0.44384766,86.951225,-35.182926,-20.609756
328,0.8256836,-0.2265625,0.43408203,81.98171,-34.146343,-26.95122
328,0.79248047,-0.26245117,0.42041016,78.93293,-34.57317,-33.32317
328,0.7963867,-0.28759766,0.41430664,83.29269,-32.40854,-39.17683
328,0.79052734,-0.24316406,0.40283203,84.14635,-23.963415,-42.225613
328,0.86206055,-0.21826172,0.39916992,67.07317,-13.079268,-40.365856
328,0.96118164,-0.2019043,0.39160156,39.237804,-2.1646342,-35.70122
328,1.326416,-0.25439453,0.42919922,-4.1463413,11.52439,-24.390244
328,1.5603027,-0.31152344,0.43530273,-35.640244,22.896341,-10.609756
328,1.1652832,-0.2915039,0.33544922,-70.67073,33.35366,6.6768293
328,0.78808594,-0.33642578,0.26708984,-70,34.512196,63.292683
328,1.0046387,-0.3544922,0.24804688,-7.5914636,13.323171,100.18293
328,1.0839844,-0.30517578,0.19799805,40.487804,12.164635,123.689026
328,1.0959473,-0.25976563,0.16333008,63.65854,11.463415,142.19513
328,1.0898438,-0.2133789,0.1862793,71.310974,8.384147,146.12805
328,0.9494629,-0.18969727,0.21508789,66.189026,6.25,141.37195
328,0.8244629,-0.21533203,0.22290039,46.585365,-1.097561,127.19512
328,0.8222656,-0.25268555,0.20703125,44.939026,-7.378049,108.07927
328,0.79345703,-0.24291992,0.18408203,52.53049,-10.853659,87.80488
328,0.81689453,-0.21557617,0.18774414,59.90854,-10.27439,60.94512
328,0.8791504,-0.17407227,0.20581055,56.25,-4.7865853,41.371952
328,0.9511719,-0.15844727,0.25219727,44.725613,0.06097561,20.518293
328,1.0986328,-0.18603516,0.31982422,25.762196,3.3536587,-12.347561
328,1.1337891,-0.18383789,0.36523438,11.036586,4.2073174,-35.762196
328,1.3361816,-0.20532227,0.33569336,-5.6097565,0.09146342,-58.536587
328,1.2199707,-0.25195313,0.39404297,-28.506098,-20.57927,-96.676834
328,0.92407227,-0.29907227,0.47607422,-30.70122,-35.091465,-107.65244
328,0.6442871,-0.26416016,0.48706055,-18.292683,-37.80488,-99.78659
329,0.7836914,-0.22753906,0.42211914,9.085366,-35.94512,-76.676834
329,0.8754883,-0.16088867,0.33642578,18.59756,-25.945122,-58.719513
329,0.8847656,-0.107177734,0.28149414,13.1402445,-17.22561,-41.40244
329,0.82373047,-0.11279297,0.33398438,-2.2865853,-10.884147,-32.19512
329,0.6791992,-0.15209961,0.38134766,-33.384148,-6.5853662,-30.57927
329,0.6442871,-0.21948242,0.3864746,-64.176834,4.085366,-29.420732
329,0.7114258,-0.24584961,0.3310547,-66.06708,10.579268,-24.237806
329,0.7524414,-0.27514648,0.3173828,-50.396343,7.0731707,-24.207317
329,0.77612305,-0.29614258,0.33618164,-29.84756,2.7134147,-24.115854
329,0.76000977,-0.31958008,0.42041016,-7.7439027,-9.634147,-29.87805
329,0.7800293,-0.34472656,0.48388672,4.847561,-18.75,-38.871952
329,0.87597656,-0.33447266,0.50512695,8.963415,-21.432928,-48.841465
329,1.2907715,-0.40454102,0.49780273,3.262195,-20.15244,-55.365856
329,1.6420898,-0.43823242,0.5517578,3.9939024,-17.530489,-54.90854
329,1.1381836,-0.35473633,0.47998047,-11.79878,-3.8719513,-36.798782
329,0.86157227,-0.33691406,0.37060547,-8.871951,10.853659,34.32927
329,1.0446777,-0.27124023,0.33422852,39.420734,1.1585367,72.347565
329,1.0227051,-0.29760742,0.3112793,72.77439,9.908537,99.451225
329,1.0754395,-0.2133789,0.28588867,88.689026,24.268293,118.44512
329,0.94140625,-0.11450195,0.28393555,63.20122,33.44512,129.45122
329,0.7944336,-0.08984375,0.27368164,24.969513,37.286587,136.82927
329,0.77368164,-0.18310547,0.24853516,-10.121951,32.957317,134.32927
329,0.7910156,-0.22802734,0.22729492,-17.073172,25.731709,117.71342
329,0.82592773,-0.27026367,0.2043457,-14.542684,19.512196,95.57927
329,0.8730469,-0.27783203,0.20288086,0.6707317,14.512196,59.84756
329,1.0134277,-0.23999023,0.21606445,17.164635,15.6402445,32.560978
329,1.1499023,-0.17773438,0.24658203,17.682928,18.993902,4.359756
329,1.0407715,-0.12109375,0.28955078,-7.1951222,15.70122,-24.32927
329,1.1850586,-0.15356445,0.2980957,-23.719513,8.231708,-42.80488
329,1.3613281,-0.22167969,0.2878418,-32.77439,-3.2317073,-72.0122
329,0.92211914,-0.30517578,0.3972168,-27.530489,-29.17683,-98.81098
330,0.814209,-0.3088379,0.47070313,-0.45731708,-32.682926,-100.426834
330,0.92993164,-0.27124023,0.46704102,31.615854,-36.036587,-87.31708
330,0.94018555,-0.1472168,0.3388672,42.317074,-28.719513,-62.621952
330,0.93652344,-0.06591797,0.2607422,24.603659,-22.621952,-50.884148
330,0.8034668,-0.06591797,0.26757813,4.268293,-17.37805,-47.80488
330,0.5876465,-0.114990234,0.33081055,-34.17683,-12.103659,-48.292683
330,0.6303711,-0.19116211,0.3112793,-73.04878,3.140244,-53.5061
330,0.7272949,-0.27514648,0.27685547,-88.201225,13.47561,-54.786587
330,0.8161621,-0.3383789,0.2902832,-62.957317,12.012196,-62.286587
330,0.8215332,-0.3642578,0.3244629,-39.634148,6.9512196,-67.40854
330,0.78881836,-0.3708496,0.3881836,-22.835367,-3.75,-72.439026
330,0.9482422,-0.4128418,0.5095215,0.06097561,-19.237804,-80.36585
330,1.0539551,-0.41723633,0.53393555,10.731708,-19.786587,-75.54878
330,1.3823242,-0.4152832,0.48754883,11.95122,-15.54878,-60.548782
330,1.4072266,-0.30688477,0.4597168,-4.359756,-7.682927,-33.35366
330,0.83154297,-0.24121094,0.4165039,-36.768295,10.518293,6.4634147
330,0.7558594,-0.24145508,0.3642578,-28.932928,12.317074,63.292683
330,1.0383301,-0.26171875,0.3046875,20.640244,6.9817076,102.926834
330,1.0395508,-0.3251953,0.27026367,43.963417,13.780488,115.701225
330,1.125,-0.31640625,0.28295898,63.262196,19.054878,124.05488
330,0.9152832,-0.15576172,0.2783203,50.27439,26.40244,130.09146
330,0.7614746,-0.1315918,0.26098633,24.268293,23.323172,136.43294
330,0.7585449,-0.17993164,0.24682617,9.664635,17.530489,130.76219
330,0.7783203,-0.23266602,0.23364258,8.170732,8.292683,110.121956
330,0.84814453,-0.26635742,0.22631836,16.12805,7.1341467,88.84147
330,0.9536133,-0.2421875,0.2211914,30.15244,9.268293,63.07927
330,1.0908203,-0.15454102,0.23999023,33.719513,16.585365,30.335367
330,1.1223145,-0.0859375,0.23828125,18.231709,21.219513,7.408537
330,0.9848633,-0.04296875,0.26245117,-6.554878,20.091463,-11.585366
330,1.1948242,-0.16259766,0.2722168,-31.25,9.542684,-46.15854
330,1.21875,-0.28955078,0.27954102,-38.048782,-5.152439,-81.70732
331,0.9333496,-0.3527832,0.3815918,-23.658537,-28.90244,-102.77439
331,0.8444824,-0.34521484,0.48413086,22.987806,-42.073174,-103.81098
331,0.9523926,-0.27978516,0.43579102,60.823174,-46.55488,-81.52439
331,0.9345703,-0.17602539,0.31689453,71.006096,-41.82927,-56.52439
331,0.89453125,-0.084228516,0.24731445,48.018295,-34.359756,-30.365854
331,0.7607422,-0.044677734,0.2783203,25.457317,-25.70122,-18.841463
331,0.62768555,-0.06713867,0.3310547,-3.5975611,-19.054878,-12.469513
331,0.66308594,-0.1743164,0.35473633,-43.567074,-7.1036587,-16.067074
331,0.71728516,-0.2541504,0.37329102,-59.84756,0.33536586,-20.487804
331,0.76293945,-0.30981445,0.39379883,-57.469513,-0.88414633,-26.25
331,0.6743164,-0.33496094,0.4008789,-37.713417,-8.414635,-34.878048
331,0.7290039,-0.37109375,0.42260742,-19.085367,-18.62805,-38.871952
331,0.90063477,-0.39208984,0.45825195,-5.5792685,-25.70122,-43.35366
331,1.229248,-0.4272461,0.44702148,-7.5,-18.993902,-37.286587
331,1.572998,-0.43725586,0.43652344,-13.414635,-12.256098,-26.67683
331,1.3300781,-0.34423828,0.38793945,-37.621952,-1.9207318,-15.731708
331,0.85009766,-0.33813477,0.31103516,-55.548782,10.609756,36.341465
331,1.034668,-0.34228516,0.32006836,-11.371951,-1.5548781,70.426834
331,1.154541,-0.32348633,0.29638672,26.585367,0.73170733,87.743904
331,1.059082,-0.30029297,0.24145508,37.5,13.780488,98.17073
331,0.98413086,-0.23486328,0.2277832,43.719513,14.207317,101.03659
331,0.84521484,-0.14257813,0.22680664,45.27439,15.426829,101.12805
331,0.66064453,-0.14550781,0.24780273,11.79878,16.67683,98.90244
331,0.67333984,-0.19482422,0.2253418,-3.5670733,13.292684,85.97561
331,0.7324219,-0.23706055,0.20922852,-7.4695125,10.731708,62.34756
331,0.7922363,-0.2932129,0.17456055,15.487805,13.841464,31.920732
331,0.8586426,-0.25317383,0.18969727,30.121952,17.896341,11.676829
331,1.0046387,-0.2434082,0.22607422,33.17073,24.908537,-8.079268
331,1.1206055,-0.23510742,0.28100586,31.12805,29.786587,-35.487804
331,1.0556641,-0.21655273,0.3112793,14.573171,26.79878,-49.7561
332,1.338623,-0.25219727,0.30639648,-5.97561,20.518293,-67.53049
332,1.3549805,-0.30981445,0.3791504,-26.95122,-0.79268295,-102.2561
332,0.91845703,-0.36938477,0.5263672,-26.890245,-16.554878,-108.62805
332,0.6940918,-0.34423828,0.57006836,8.018292,-18.62805,-92.926834
332,0.9099121,-0.30371094,0.5065918,75.39635,-27.5,-64.42073
332,0.97753906,-0.15771484,0.43237305,96.55488,-19.481709,-49.359756
332,0.87060547,-0.016357422,0.39746094,73.44512,-8.1402445,-41.890244
332,0.5715332,0.06616211,0.4116211,7.530488,11.432927,-37.40854
332,0.5317383,-0.024902344,0.4169922,-50.914635,18.75,-37.835365
332,0.6113281,-0.17089844,0.38842773,-86.006096,29.420732,-36.798782
332,0.6296387,-0.28173828,0.36547852,-76.55488,31.036587,-30.121952
332,0.5908203,-0.32666016,0.39086914,-46.95122,22.134148,-28.018293
332,0.55566406,-0.34692383,0.4350586,-11.646341,10.853659,-26.493902
332,0.72924805,-0.35546875,0.4975586,26.310976,-3.5365853,-29.207317
332,0.92456055,-0.31689453,0.49536133,38.993904,-5.7012196,-27.713415
332,1.152832,-0.24365234,0.44311523,24.207317,-2.8658538,-17.774391
332,1.670166,-0.2512207,0.51782227,-10.060976,-5.914634,2.2256098
332,1.111084,-0.20776367,0.545166,-39.359756,-3.0792685,19.207317
332,0.6057129,-0.2006836,0.4345703,-49.17683,2.5914636,62.042683
332,0.8991699,-0.30566406,0.37646484,0.8231708,-19.32927,93.871956
332,1.130127,-0.31713867,0.3935547,49.085365,-17.5,97.53049
332,0.99609375,-0.24121094,0.37426758,66.371956,-10.823171,95
332,0.8564453,-0.13647461,0.3569336,55.884148,-5.6097565,86.79878
332,0.6906738,-0.07104492,0.35961914,36.98171,-7.865854,80.82317
332,0.6218262,-0.07836914,0.37963867,15.213415,-10.54878,75.97561
332,0.7192383,-0.14208984,0.36694336,5.5792685,-10.54878,60.091465
332,0.84472656,-0.16992188,0.32958984,14.542684,-3.8719513,43.5061
332,0.93774414,-0.1418457,0.29345703,22.195122,7.2865853,27.5
332,1.0041504,-0.08203125,0.31884766,8.658537,21.12805,2.1036587
332,1.1608887,-0.11401367,0.34838867,-13.1707325,28.018293,-20.243902
333,1.076416,-0.13623047,0.37158203,-36.707317,28.231709,-40.396343
333,1.3530273,-0.23291016,0.33740234,-50,24.17683,-61.73781
333,1.34375,-0.3010254,0.34985352,-48.65854,6.52439,-90.15244
333,1.0512695,-0.34960938,0.47143555,-31.79878,-16.310976,-101.097565
333,0.8261719,-0.27075195,0.5395508,5.914634,-24.237806,-87.31708
333,0.89746094,-0.20629883,0.46948242,29.573172,-30.487806,-56.371952
333,0.9589844,-0.12036133,0.3557129,43.536587,-28.445122,-33.109756
333,0.82299805,-0.013427734,0.29516602,23.170732,-19.87805,-18.59756
333,0.63549805,0.003662109,0.32421875,-12.804878,-10.030488,-16.463415
333,0.49267578,-0.014404297,0.34936523,-58.59756,-0.7621951,-21.554878
333,0.55249023,-0.13427734,0.30664063,-106.89024,16.615854,-28.170732
333,0.6208496,-0.20654297,0.27783203,-103.78049,19.542683,-28.536587
333,0.67285156,-0.27563477,0.2902832,-77.10366,13.810976,-32.987804
333,0.7155762,-0.34399414,0.37036133,-29.32927,1.3414634,-38.292683
333,0.8195801,-0.3696289,0.45385742,6.5853662,-12.164635,-43.44512
333,0.9458008,-0.3786621,0.50512695,35.670734,-23.170732,-49.45122
333,1.0703125,-0.31591797,0.5307617,42.378048,-29.939026,-53.44512
333,1.3457031,-0.31982422,0.57299805,22.774391,-27.530489,-56.52439
333,1.487793,-0.30493164,0.6032715,-1.2195122,-19.268293,-49.634148
333,0.87402344,-0.21972656,0.47729492,-48.109756,6.890244,-9.237805
333,0.8688965,-0.26879883,0.43188477,-32.987804,8.445122,45.213417
333,1.0136719,-0.24536133,0.39941406,21.554878,2.2865853,80.21342
333,1.0844727,-0.28759766,0.3713379,59.817074,11.310976,105.27439
333,1.0622559,-0.21655273,0.37329102,72.89634,18.04878,113.993904
333,0.8522949,-0.10595703,0.36865234,58.20122,23.20122,120.27439
333,0.638916,-0.103759766,0.3317871,14.573171,26.554878,119.847565
333,0.70581055,-0.18652344,0.30419922,-0.79268295,22.896341,109.23781
333,0.81518555,-0.21972656,0.28125,-0.6402439,22.103659,89.60366
333,0.8869629,-0.21289063,0.23632813,5.487805,28.47561,63.59756
333,0.90771484,-0.17285156,0.22631836,9.207317,33.59756,43.993904
333,0.99609375,-0.14404297,0.24584961,3.628049,37.10366,24.420732
333,0.970459,-0.11206055,0.24707031,-20.731709,32.286587,-4.2987804
334,0.9326172,-0.16845703,0.30273438,-36.036587,19.481709,-24.054878
334,1.2768555,-0.25341797,0.3095703,-36.737804,6.2195125,-52.225613
334,1.0671387,-0.33642578,0.41455078,-29.024391,-26.493902,-94.35976
334,0.84106445,-0.35986328,0.5324707,-0.73170733,-45.121952,-104.5122
334,0.8564453,-0.31860352,0.5515137,40.884148,-51.036587,-93.689026
334,0.98095703,-0.20263672,0.45776367,80.82317,-52.743904,-51.493904
334,0.95410156,-0.036376953,0.3708496,79.5122,-44.939026,-26.737806
334,0.84399414,0.08862305,0.34985352,48.262196,-30.518293,-13.292684
334,0.5866699,0.080322266,0.37304688,-16.524391,-17.286585,-11.219513
334,0.55078125,-0.036376953,0.3876953,-62.591465,-6.9817076,-23.170732
334,0.64819336,-0.18408203,0.38500977,-90.48781,9.207317,-29.481709
334,0.7570801,-0.29418945,0.37402344,-77.86585,14.878049,-32.317074
334,0.7780762,-0.30932617,0.38671875,-49.786587,9.908537,-41.707317
334,0.75512695,-0.33520508,0.4194336,-23.47561,-0.5487805,-48.75
334,0.8588867,-0.35913086,0.48657227,6.128049,-15.70122,-60
334,0.9838867,-0.35961914,0.51220703,21.12805,-21.585367,-64.90854
334,1.342041,-0.3869629,0.50512695,23.07927,-17.804878,-64.42073
334,1.5170898,-0.30297852,0.5083008,5.396342,-10.97561,-54.237804
334,0.9812012,-0.24658203,0.45141602,-31.09756,4.9695125,-24.054878
334,0.8540039,-0.265625,0.41967773,-28.90244,12.378049,28.780489
334,1.083252,-0.23999023,0.37597656,28.292683,6.006098,76.676834
334,1.0429688,-0.28344727,0.3305664,48.780487,13.414635,98.201225
334,1.0490723,-0.27026367,0.31835938,65,19.237804,109.02439
334,0.8466797,-0.14501953,0.3293457,57.19512,23.20122,113.65854
334,0.6660156,-0.118896484,0.30566406,27.530489,26.859756,114.7561
334,0.6015625,-0.16845703,0.26245117,7.5914636,23.841463,113.62805
334,0.74560547,-0.21801758,0.2475586,10.670732,17.92683,93.71951
334,0.87158203,-0.2319336,0.23046875,14.817074,23.841463,74.23781
334,0.921875,-0.21704102,0.21142578,14.29878,30.762196,55.03049
334,1.0107422,-0.16308594,0.2397461,1.3414634,37.40854,28.536587
335,1.1403809,-0.1418457,0.24389648,-13.719513,39.542683,7.896342
335,1.0007324,-0.13134766,0.25585938,-34.542683,31.280489,-10
335,1.0244141,-0.24072266,0.30419922,-41.890244,14.756098,-32.07317
335,1.177002,-0.27294922,0.3005371,-30.274391,-1.097561,-59.69512
335,1.0007324,-0.3371582,0.36694336,-19.573172,-26.25,-87.10366
335,0.8457031,-0.3474121,0.5048828,14.45122,-46.768295,-103.14024
335,0.8588867,-0.31420898,0.5053711,42.5,-52.2561,-92.40854
335,0.8605957,-0.24804688,0.44018555,63.475613,-53.841465,-65.426834
335,0.9226074,-0.119384766,0.3449707,69.81708,-45.182926,-32.987804
335,0.8703613,-0.038085938,0.33642578,54.146343,-32.92683,-18.20122
335,0.7102051,0.022949219,0.36694336,16.554878,-19.268293,-12.378049
335,0.61938477,-0.07006836,0.3708496,-53.62805,-0.6707317,-14.29878
335,0.6870117,-0.1640625,0.35351563,-83.38415,11.981708,-18.018293
335,0.7626953,-0.24438477,0.3486328,-88.44512,15.609756,-17.317074
335,0.78222656,-0.34228516,0.39648438,-68.44512,10.487805,-26.524391
335,0.81469727,-0.4025879,0.4580078,-37.439026,2.195122,-33.048782
335,0.8635254,-0.40942383,0.5031738,2.3170733,-9.72561,-42.40854
335,0.96362305,-0.33740234,0.50927734,34.7561,-17.103659,-53.689026
335,1.2229004,-0.31958008,0.49267578,31.524391,-14.542684,-55.94512
335,1.5461426,-0.3059082,0.51586914,17.34756,-11.371951,-57.65244
335,1.0571289,-0.2253418,0.47460938,-33.841465,5,-37.957317
335,0.76782227,-0.2775879,0.39624023,-49.573174,19.603659,4.054878
335,0.99365234,-0.25317383,0.3708496,-6.52439,9.420732,45.884148
335,0.9824219,-0.28955078,0.30615234,38.871952,12.347561,78.20122
335,1.0334473,-0.27954102,0.29174805,60.243904,16.859756,91.52439
335,0.9350586,-0.1628418,0.30151367,62.134148,19.664635,99.085365
335,0.67089844,-0.103027344,0.27490234,21.737806,22.621952,104.29878
335,0.6418457,-0.15625,0.26049805,-4.390244,20.42683,103.38415
335,0.74902344,-0.2006836,0.25195313,-8.902439,16.09756,90.54878
335,0.8520508,-0.23535156,0.23022461,-5.914634,19.87805,66.98171
335,0.9067383,-0.2277832,0.20727539,-0.6097561,24.054878,48.59756
336,0.9699707,-0.1821289,0.22924805,2.8963416,26.493902,30.70122
336,1.0944824,-0.14868164,0.26342773,-2.378049,26.67683,6.3719516
336,0.98168945,-0.13232422,0.29492188,-16.79878,20.670732,-12.926829
336,1.0942383,-0.20629883,0.31079102,-26.646341,8.963415,-31.554878
336,1.2373047,-0.29711914,0.33374023,-23.20122,-12.164635,-71.43293
336,0.97143555,-0.35595703,0.45483398,-6.768293,-36.55488,-94.35976
336,0.74902344,-0.3408203,0.5510254,25.457317,-48.567074,-97.347565
336,0.83325195,-0.29174805,0.50097656,72.164635,-50.609756,-66.98171
336,0.9794922,-0.1484375,0.39526367,88.71951,-42.865856,-38.384148
336,1.0012207,0.022705078,0.32006836,67.37805,-30.70122,-19.542683
336,0.77685547,0.07714844,0.35180664,4.3292685,-16.036585,-12.378049
336,0.579834,0.011230469,0.3947754,-47.34756,-8.1402445,-12.378049
336,0.54467773,-0.11816406,0.375,-88.47561,6.9512196,-14.756098
336,0.6530762,-0.2397461,0.3317871,-89.664635,19.84756,-10.121951
336,0.7536621,-0.27807617,0.34521484,-60.670734,15.579268,-17.103659
336,0.7807617,-0.31469727,0.38134766,-30.731709,10.54878,-24.939026
336,0.7648926,-0.31713867,0.4482422,-0.70121956,-2.5,-35.85366
336,0.8564453,-0.32202148,0.48339844,16.707317,-12.530488,-44.298782
336,1.0090332,-0.32788086,0.50390625,26.25,-17.957317,-49.634148
336,1.557373,-0.34448242,0.50268555,25.121952,-13.567074,-52.225613
336,1.5097656,-0.2421875,0.4987793,0.15243903,-8.536586,-48.993904
336,1.0249023,-0.23291016,0.46044922,-41.0061,3.1707318,-25.15244
336,0.8469238,-0.25097656,0.38378906,-26.859756,8.323171,33.140244
336,1.0107422,-0.25512695,0.33007813,16.95122,3.0792685,62.865856
336,0.96191406,-0.28808594,0.2890625,45.27439,6.5853662,81.55488
336,0.9851074,-0.21777344,0.27783203,69.87805,12.5,93.29269
336,0.8112793,-0.10839844,0.28295898,54.939026,16.12805,94.60366
336,0.6345215,-0.08520508,0.2697754,16.371952,17.256098,94.54269
336,0.66137695,-0.18725586,0.25683594,-7.9268293,11.006098,83.32317
336,0.7807617,-0.22314453,0.23828125,-2.1341465,9.939025,67.439026
336,0.85791016,-0.21606445,0.20703125,6.5853662,13.292684,49.87805
337,0.970459,-0.2133789,0.23632813,16.463415,16.432928,25.335367
337,1.0966797,-0.16845703,0.26782227,16.981709,23.109756,10.243902
337,1.1679688,-0.110839844,0.26123047,6.8597565,24.146341,-0.5487805
337,1.0673828,-0.103515625,0.30517578,-25.42683,16.554878,-14.939025
337,1.3349609,-0.19018555,0.28076172,-38.048782,9.573171,-32.22561
337,1.2524414,-0.26513672,0.29736328,-39.512196,-7.9268293,-60.457317
337,0.82836914,-0.34692383,0.4584961,-19.115854,-33.963417,-81.12805
337,0.76464844,-0.32958984,0.50146484,22.012196,-39.7561,-76.40244
337,0.8322754,-0.26708984,0.44482422,59.87805,-45,-53.5061
337,0.8515625,-0.1015625,0.33422852,73.93293,-38.810978,-25.182928
337,0.8198242,0.008300781,0.30639648,55.70122,-28.810976,-14.573171
337,0.66552734,0.046875,0.33374023,19.17683,-18.506098,-11.25
337,0.53515625,-0.023925781,0.3515625,-48.75,1.6158537,-16.371952
337,0.638916,-0.15478516,0.31103516,-82.53049,16.981709,-22.22561
337,0.76904297,-0.26757813,0.3112793,-80.03049,21.189024,-25.060976
337,0.90356445,-0.33691406,0.36889648,-48.963417,14.939025,-33.871952
337,0.7976074,-0.33129883,0.4255371,-31.158537,6.3109756,-37.896343
337,0.8076172,-0.3330078,0.47583008,-15.6402445,-6.0365853,-40.15244
337,0.9812012,-0.35498047,0.5085449,9.359756,-16.189024,-44.237804
337,1.2224121,-0.3395996,0.47387695,14.939025,-13.414635,-38.90244
337,1.5969238,-0.32006836,0.47338867,9.512196,-10.182927,-36.890244
337,1.0693359,-0.22265625,0.45703125,-28.109756,0.12195122,-23.993902
337,0.8041992,-0.2487793,0.38012695,-46.82927,14.847561,15.030488
337,1.0341797,-0.27368164,0.36499023,-14.878049,3.75,48.07927
337,1.0136719,-0.29760742,0.30859375,29.87805,6.3414636,70.426834
337,0.9453125,-0.2763672,0.26342773,47.865856,8.841464,76.85976
337,0.83691406,-0.17089844,0.27270508,54.17683,9.573171,79.42073
337,0.5878906,-0.08911133,0.26220703,24.786587,12.896341,81.70732
337,0.5810547,-0.1315918,0.24414063,7.1036587,8.445122,80
337,0.7351074,-0.18408203,0.23632813,8.04878,5.4573174,65.39634
338,0.873291,-0.18261719,0.22290039,14.634147,11.646341,41.798782
338,0.94799805,-0.16796875,0.22509766,15.70122,15.792684,23.871952
338,1.0522461,-0.13867188,0.2487793,13.018293,20.945122,8.353659
338,1.2253418,-0.12084961,0.25927734,0.57926834,23.506098,-8.993902
338,1.1015625,-0.111816406,0.30004883,-13.75,13.932927,-19.84756
338,1.2297363,-0.17895508,0.3154297,-20.823172,5.9451222,-32.987804
338,1.2419434,-0.23535156,0.30615234,-15.426829,-13.871951,-58.78049
338,0.8544922,-0.2890625,0.38842773,-4.2073174,-34.085365,-69.35976
338,0.7854004,-0.2763672,0.4194336,30.396341,-40.85366,-64.39024
338,0.9333496,-0.18017578,0.3659668,64.60366,-41.189026,-32.5
338,0.9140625,-0.0546875,0.29589844,63.65854,-33.75,-11.737805
338,0.8581543,0.016357422,0.27807617,38.07927,-22.408537,1.1585367
338,0.63916016,-0.016113281,0.3149414,-10.70122,-9.908537,5.518293
338,0.54467773,-0.07080078,0.32348633,-49.298782,1.2804878,3.1097562
338,0.5913086,-0.13549805,0.27734375,-76.98171,12.042684,-1.9207318
338,0.7609863,-0.22070313,0.24975586,-65.30488,13.04878,-14.542684
338,0.8469238,-0.24609375,0.2709961,-42.042683,10.823171,-21.768293
338,0.84228516,-0.2397461,0.3071289,-23.62805,2.4390244,-26.981709
338,0.94750977,-0.25708008,0.37695313,-6.280488,-15.060976,-32.530487
338,1.0737305,-0.2758789,0.38183594,6.280488,-27.012196,-35.670734
338,1.3225098,-0.29418945,0.35961914,17.743902,-34.268295,-36.52439
338,1.6359863,-0.26953125,0.3552246,21.859756,-31.493904,-37.378048
338,1.1896973,-0.18676758,0.30419922,-8.567074,-24.390244,-31.280489
338,0.8798828,-0.1418457,0.25146484,-25.884148,-17.469513,-10.243902
338,0.9602051,-0.083740234,0.24707031,-2.6219513,-23.810976,15.609756
338,0.9313965,-0.096191406,0.22290039,-0.21341464,-17.774391,23.932928
338,0.8586426,-0.12036133,0.20581055,-1.4939024,-10.670732,22.92683
338,0.6652832,-0.033935547,0.1772461,-10.030488,-6.3414636,20.731709
338,0.55200195,-0.06982422,0.1730957,-20,-9.359756,14.786586
338,0.6176758,-0.16308594,0.16992188,-11.097561,-10.914635,7.2865853
338,0.79956055,-0.2277832,0.12475586,22.865854,-3.0182927,-2.4085367
339,0.9560547,-0.20654297,0.11645508,40.15244,3.5975611,-8.353659
339,1.1066895,-0.1743164,0.13208008,45.57927,8.932927,-13.932927
339,1.2028809,-0.14501953,0.17993164,32.530487,15.121952,-11.25
339,1.2719727,-0.1027832,0.19702148,17.591463,18.567074,-5.7317076
339,1.1750488,-0.061035156,0.22045898,-3.140244,19.72561,-0.42682928
339,1.4746094,-0.14086914,0.18432617,-20.213415,17.256098,-1.9817073
339,1.3334961,-0.20043945,0.23486328,-26.25,11.920732,-8.018292
339,0.86279297,-0.23510742,0.32006836,-15,-1.5853659,-9.3902445
339,0.7421875,-0.1640625,0.27734375,54.298782,-18.292683,16.067074
339,0.98583984,0.008789063,0.18774414,83.84147,-12.073171,39.17683
339,1.0708008,0.21411133,0.1237793,59.08537,8.20122,50.762196
339,0.78100586,0.21606445,0.2211914,-35.57927,25.060976,42.378048
339,0.63256836,0.028320313,0.27148438,-91.0061,28.04878,33.993904
339,0.57421875,-0.018066406,0.21240234,-103.53659,32.896343,26.707317
339,0.6640625,-0.08105469,0.16137695,-63.90244,26.371952,11.554878
339,0.7819824,-0.1730957,0.18847656,-23.567074,24.237806,4.1768293
339,0.8781738,-0.22558594,0.25585938,15.70122,20.060976,-3.5670733
339,0.78564453,-0.2602539,0.3527832,54.542683,5.152439,-18.780489
339,0.83862305,-0.26708984,0.41333008,63.140244,-10.365854,-34.878048
339,0.97216797,-0.26635742,0.46044922,57.591465,-18.567074,-47.682926
339,1.3181152,-0.3149414,0.45751953,33.23171,-24.817074,-55.060978
339,1.5751953,-0.34448242,0.48901367,15.97561,-23.109756,-63.841465
339,1.1359863,-0.3076172,0.4621582,-7.5914636,-11.402439,-54.298782
339,0.86743164,-0.30078125,0.32470703,-10.396341,6.554878,-3.3536587
339,1.072998,-0.23291016,0.27563477,18.384148,5.762195,33.536587
339,1.03125,-0.22143555,0.23730469,33.414635,14.817074,54.84756
339,0.95996094,-0.2109375,0.2524414,35.213417,25.182928,73.414635
339,0.81274414,-0.14013672,0.26953125,21.310976,27.560976,81.95122
339,0.68237305,-0.123046875,0.2541504,-5.8231707,29.969513,86.52439
339,0.66430664,-0.14257813,0.22583008,-30.97561,25.15244,80.7622
339,0.7570801,-0.18481445,0.20629883,-30.640245,20.762196,66.371956
340,0.82250977,-0.19628906,0.19360352,-19.359756,20.640244,50.457317
340,0.92089844,-0.18286133,0.19482422,-0.21341464,22.469513,27.439026
340,1.1213379,-0.15429688,0.22045898,10.243902,22.743902,10.670732
340,1.2458496,-0.09741211,0.23120117,1.9207318,22.34756,-6.3109756
340,1.059082,-0.12963867,0.26660156,-13.932927,8.04878,-23.07927
340,1.3735352,-0.16772461,0.24267578,-8.445122,0.6402439,-43.963417
340,1.315918,-0.22509766,0.24511719,-14.908537,-14.817074,-72.621956
340,0.8625488,-0.34594727,0.4169922,3.262195,-39.48171,-91.28049
340,0.83447266,-0.31323242,0.45043945,43.384148,-43.44512,-83.62805
340,0.9250488,-0.23486328,0.3972168,70.060974,-43.292683,-52.591465
340,0.9013672,-0.041992188,0.31103516,62.560978,-32.439026,-20.792683
340,0.8330078,0.025878906,0.2915039,31.615854,-22.195122,-5.640244
340,0.66967773,0.010009766,0.34057617,-2.5914636,-15,-1.6158537
340,0.50439453,-0.08642578,0.34936523,-65.73171,3.4146342,-1.9817073
340,0.5739746,-0.17480469,0.28930664,-94.72561,19.268293,-3.0182927
340,0.6784668,-0.24829102,0.28637695,-81.70732,22.286587,-8.993902
340,0.8395996,-0.32666016,0.33642578,-43.810978,17.408537,-17.835367
340,0.8208008,-0.32958984,0.39526367,-27.012196,10.97561,-25.823172
340,0.8725586,-0.37182617,0.45581055,-17.774391,0.30487806,-33.993904
340,0.9880371,-0.40063477,0.4921875,0.91463417,-12.317074,-39.17683
340,1.111084,-0.3996582,0.48095703,7.5914636,-12.896341,-33.628048
340,1.451416,-0.44360352,0.50341797,12.164635,-10.731708,-28.20122
340,1.1745605,-0.33740234,0.5217285,-8.47561,3.8109758,-18.384148
340,0.8808594,-0.265625,0.40893555,-40.70122,23.384148,15.762196
340,1.0292969,-0.29492188,0.35375977,-42.682926,20.396341,57.225613
340,1.0244141,-0.3564453,0.32958984,3.902439,19.359756,84.23781
340,0.9572754,-0.34545898,0.31152344,36.310978,20.243902,97.71342
340,0.82666016,-0.23925781,0.30541992,52.987804,20.762196,105.09147
340,0.6804199,-0.1574707,0.27734375,38.384148,22.317074,108.17073
340,0.71118164,-0.19702148,0.25610352,20,21.524391,102.68293
341,0.7739258,-0.21435547,0.24853516,13.871951,17.591463,88.75
341,0.77563477,-0.21508789,0.24316406,11.52439,17.804878,64.756096
341,0.81640625,-0.22387695,0.25390625,14.664635,18.140244,44.7561
341,0.9321289,-0.19970703,0.27197266,21.859756,20,23.384148
341,1.2172852,-0.18310547,0.28955078,12.317074,23.871952,-8.689025
341,1.0666504,-0.16870117,0.3269043,-3.7195122,19.969513,-27.65244
341,1.1728516,-0.20263672,0.31103516,-19.054878,11.737805,-43.719513
341,1.3146973,-0.2529297,0.2927246,-37.286587,-7.804878,-82.65244
341,0.9145508,-0.33984375,0.42407227,-37.19512,-33.07927,-104.05488
341,0.7116699,-0.3623047,0.5046387,-10.579268,-40.670734,-107.0122
341,0.9008789,-0.30541992,0.46240234,39.939026,-45.792683,-84.69512
341,0.92211914,-0.21069336,0.3786621,57.34756,-43.963417,-62.621952
341,0.8820801,-0.10205078,0.3173828,47.957317,-37.439026,-42.560978
341,0.6855469,-0.041503906,0.32910156,23.384148,-25.762196,-25.518293
341,0.5422363,-0.0637207,0.36694336,-9.420732,-18.963415,-22.92683
341,0.5859375,-0.14282227,0.3630371,-47.743904,-2.7743902,-24.786587
341,0.71850586,-0.23217773,0.3395996,-66.03659,13.75,-26.981709
341,0.78100586,-0.27490234,0.35351563,-57.713417,15.060976,-29.237806
341,0.8095703,-0.33276367,0.40112305,-44.02439,10.121951,-33.810978
341,0.8586426,-0.37695313,0.5007324,-24.054878,-2.2865853,-42.286587
341,0.9370117,-0.40161133,0.5344238,-11.981708,-11.585366,-49.573174
341,1.0427246,-0.37841797,0.5456543,-1.4939024,-10.152439,-50.85366
341,1.5397949,-0.40185547,0.51464844,-3.780488,-9.878049,-38.567074
341,1.3173828,-0.3466797,0.51464844,-13.323171,-7.530488,-30.670732
341,0.80322266,-0.29638672,0.42211914,-27.591465,9.268293,2.5304878
341,0.96435547,-0.28051758,0.32470703,2.0731707,2.987805,60.94512
341,1.0170898,-0.30371094,0.27392578,40.670734,-0.4878049,79.60366
341,1.0366211,-0.32617188,0.26098633,67.59147,1.9817073,88.23171
341,0.9694824,-0.19506836,0.28125,77.53049,11.737805,93.78049
341,0.7336426,-0.1159668,0.28051758,48.689026,16.036585,101.64635
342,0.6154785,-0.13891602,0.26879883,18.414635,14.695123,107.53049
342,0.7602539,-0.21850586,0.25048828,15.6707325,8.932927,95.701225
342,0.8129883,-0.22265625,0.234375,20.182928,10.914635,80.94512
342,0.9128418,-0.203125,0.23803711,22.804878,14.786586,63.993904
342,1.088623,-0.10131836,0.2607422,21.310976,25.396341,37.682926
342,1.2209473,-0.06762695,0.25976563,1.4024391,30.97561,20.030489
342,1.1235352,-0.013916016,0.24780273,-21.09756,28.384148,4.1768293
342,1.2270508,-0.11669922,0.265625,-38.65854,14.786586,-24.939026
342,1.3427734,-0.24194336,0.26049805,-36.40244,0.88414633,-58.90244
342,0.98657227,-0.31860352,0.36914063,-19.969513,-24.908537,-86.43293
342,0.7878418,-0.30200195,0.49951172,22.865854,-37.621952,-95.45732
342,0.9375,-0.27026367,0.46313477,49.207317,-42.5,-79.87805
342,0.9628906,-0.16015625,0.35888672,56.737804,-39.878048,-56.52439
342,0.8847656,-0.011962891,0.25268555,33.048782,-29.908537,-39.268295
342,0.73046875,0.03955078,0.27441406,1.3719512,-18.47561,-35.243904
342,0.57836914,0.002685547,0.31860352,-32.134148,-8.871951,-35.94512
342,0.62158203,-0.1328125,0.32128906,-82.53049,8.323171,-43.871952
342,0.6940918,-0.2709961,0.32666016,-91.493904,18.140244,-45.70122
342,0.77319336,-0.35595703,0.37402344,-67.59147,16.12805,-45.30488
342,0.81396484,-0.36035156,0.4326172,-28.719513,4.6341467,-52.65244
342,0.8000488,-0.3569336,0.48046875,-11.097561,-7.1036587,-59.390244
342,0.8911133,-0.34960938,0.5036621,3.0487804,-12.408537,-65.73171
342,1.128418,-0.32006836,0.47314453,2.4390244,-12.103659,-63.109756
342,1.3999023,-0.34887695,0.4741211,-13.658537,-7.652439,-53.048782
342,1.3718262,-0.39208984,0.51220703,-21.981709,-5.6097565,-32.77439
342,0.85913086,-0.30297852,0.43408203,-31.341465,12.22561,16.920732
342,0.98339844,-0.31591797,0.34594727,-7.9573174,5.9451222,66.61585
342,1.0219727,-0.3232422,0.29614258,33.262196,2.0731707,89.14635
342,1.1010742,-0.30126953,0.2746582,78.689026,7.6219516,112.13415
342,1.017334,-0.18286133,0.2697754,85.21342,13.628049,120.64024
342,0.80908203,-0.10131836,0.27685547,63.78049,17.530489,128.5061
343,0.7001953,-0.13745117,0.27368164,25.731709,17.439024,130.76219
343,0.78466797,-0.20166016,0.2668457,11.310976,15.609756,120.73171
343,0.85180664,-0.23925781,0.26220703,9.45122,15.091464,104.664635
343,0.8996582,-0.20874023,0.23999023,13.628049,20.182928,76.82927
343,0.96728516,-0.17089844,0.25390625,15.884147,24.054878,54.359756
343,1.1418457,-0.1484375,0.25610352,10.213415,28.59756,31.737806
343,1.0510254,-0.09448242,0.26953125,-16.189024,27.103659,2.835366
343,1.1962891,-0.1706543,0.26586914,-34.32927,17.22561,-21.006098
343,1.3027344,-0.23120117,0.24536133,-44.512196,2.1036587,-62.317074
343,0.8840332,-0.3330078,0.40966797,-37.65244,-32.835365,-97.59147
343,0.79052734,-0.35083008,0.4987793,-1.9207318,-41.859756,-102.07317
343,0.8972168,-0.29858398,0.4892578,41.219513,-48.048782,-87.10366
343,0.94873047,-0.18823242,0.3779297,68.75,-45.15244,-62.40854
343,0.87646484,-0.0703125,0.3095703,56.09756,-36.615856,-47.743904
343,0.70825195,0.010009766,0.3034668,29.359756,-23.932928,-39.7561
343,0.5344238,-0.030517578,0.34350586,-25.853659,-15.457317,-41.768295
343,0.61621094,-0.15014648,0.34179688,-69.176834,0.51829267,-46.52439
343,0.75,-0.25854492,0.3256836,-80.518295,14.29878,-46.40244
343,0.8947754,-0.3491211,0.36523438,-54.725613,12.134147,-47.865856
343,0.83374023,-0.35791016,0.41625977,-37.560978,6.0365853,-53.719513
343,0.8395996,-0.3779297,0.45043945,-26.554878,-1.7073171,-55.396343
343,1.0009766,-0.3798828,0.50268555,-5.7317076,-12.378049,-63.475613
343,1.1496582,-0.35546875,0.4897461,-5.518293,-8.567074,-57.896343
343,1.3776855,-0.37963867,0.45825195,-12.713415,-4.664634,-46.15854
343,1.1318359,-0.34106445,0.48608398,-20.518293,-0.6707317,-23.445122
343,0.86376953,-0.3178711,0.42285156,-24.84756,11.920732,15.823171
343,1.0859375,-0.32177734,0.37597656,0,7.22561,58.62805
343,1.015625,-0.2980957,0.3293457,40.70122,12.652439,85.67073
343,1.041748,-0.27563477,0.29858398,63.07927,18.170732,105.21342
343,0.95825195,-0.17944336,0.30688477,71.371956,20.030489,112.19512
344,0.7565918,-0.11425781,0.29345703,41.25,26.463415,118.56708
344,0.7092285,-0.13012695,0.26489258,8.719512,28.109756,119.60366
344,0.74780273,-0.16821289,0.24707031,-3.902439,24.17683,109.847565
344,0.8342285,-0.18847656,0.24194336,-5.7317076,21.646341,84.32927
344,0.88012695,-0.18652344,0.23706055,-4.512195,23.567074,59.87805
344,0.9111328,-0.1796875,0.24023438,0.51829267,25.335367,39.69512
344,1.0847168,-0.14453125,0.24707031,4.664634,24.969513,8.170732
344,0.9921875,-0.11645508,0.2783203,-8.963415,20.914635,-13.292684
344,1.1027832,-0.18359375,0.30004883,-21.554878,11.310976,-31.67683
344,1.3007813,-0.2331543,0.28320313,-27.835367,-5.2439027,-73.14024
344,0.9802246,-0.32421875,0.40942383,-29.024391,-28.75,-98.84147
344,0.86572266,-0.3544922,0.5126953,-2.3170733,-41.432926,-107.621956
344,0.89819336,-0.29711914,0.50683594,43.536587,-50.03049,-88.84147
344,0.8959961,-0.20581055,0.43774414,58.23171,-48.719513,-64.96951
344,0.84399414,-0.11401367,0.36621094,53.07927,-38.932926,-43.292683
344,0.6767578,-0.007568359,0.34228516,31.036587,-24.420732,-25.060976
344,0.5358887,0.005615234,0.35498047,-8.932927,-11.493903,-22.195122
344,0.60253906,-0.11401367,0.35668945,-55,1.8597561,-25.030489
344,0.77856445,-0.26513672,0.37963867,-70.426834,14.359756,-30.091465
344,0.8503418,-0.32617188,0.39819336,-57.10366,15.091464,-30.335367
344,0.8178711,-0.34545898,0.42651367,-43.44512,10.213415,-36.463417
344,0.80029297,-0.36914063,0.46826172,-22.621952,0.39634147,-43.628048
344,0.9020996,-0.37402344,0.49023438,-7.256098,-8.993902,-48.475613
344,1.0810547,-0.38842773,0.5102539,0.21341464,-12.195122,-48.75
344,1.4858398,-0.42138672,0.5007324,-2.7743902,-10.823171,-43.35366
344,1.2131348,-0.39135742,0.5119629,-11.280488,-5.8231707,-30.54878
344,0.8774414,-0.36669922,0.46044922,-11.341464,7.3170733,7.5914636
344,1.090332,-0.2932129,0.36865234,25.304878,4.6341467,69.085365
344,1.0063477,-0.27856445,0.31420898,48.689026,10.121951,90.94512
344,1.0510254,-0.2548828,0.30395508,67.07317,16.432928,109.87805
344,0.9406738,-0.14404297,0.31640625,64.45122,22.804878,119.54269
344,0.73291016,-0.118652344,0.29760742,36.798782,25.670732,124.63415
345,0.63916016,-0.14990234,0.27612305,10.487805,25.731709,125.54878
345,0.7648926,-0.19580078,0.25024414,2.7439024,19.420732,107.743904
345,0.84155273,-0.20825195,0.23828125,3.902439,18.567074,85.73171
345,0.873291,-0.20166016,0.23388672,6.2195125,19.84756,64.085365
345,0.94311523,-0.17333984,0.25,12.195122,21.40244,32.77439
345,1.0744629,-0.12841797,0.25732422,9.603659,22.987806,8.628049
345,0.9975586,-0.09667969,0.26220703,-8.506098,20.060976,-14.176829
345,1.1582031,-0.1875,0.2697754,-24.969513,9.29878,-45.70122
345,1.2946777,-0.23999023,0.25170898,-32.621952,-4.237805,-81.92073
345,0.97216797,-0.32470703,0.36889648,-36.280487,-28.536587,-109.54269
345,0.8688965,-0.37329102,0.51538086,4.512195,-46.280487,-119.29878
345,0.94873047,-0.3149414,0.51049805,41.646343,-54.69512,-102.80488
345,0.9926758,-0.25708008,0.46728516,61.463417,-53.475613,-80.15244
345,0.9025879,-0.11791992,0.38452148,58.170734,-40.182926,-47.012196
345,0.69189453,-0.008300781,0.35864258,36.493904,-25.243902,-28.59756
345,0.5344238,0.041015625,0.35864258,-9.329268,-13.75,-21.737806
345,0.623291,-0.119384766,0.3635254,-73.2622,6.158537,-23.75
345,0.73828125,-0.2163086,0.36328125,-85.30488,17.34756,-25.670732
345,0.8173828,-0.33569336,0.3935547,-73.78049,15.853659,-26.920732
345,0.7265625,-0.39672852,0.43530273,-40.213417,8.170732,-36.067074
345,0.79541016,-0.40063477,0.4572754,-7.865854,-1.5548781,-42.042683
345,0.9560547,-0.37182617,0.49072266,17.469513,-12.073171,-50.121952
345,1.3549805,-0.35180664,0.4729004,22.774391,-11.067074,-45.213417
345,1.5556641,-0.30151367,0.48706055,8.567074,-6.8597565,-35.030487
345,1.1257324,-0.26464844,0.46313477,-21.554878,2.1036587,-19.024391
345,0.80078125,-0.28076172,0.35839844,-27.469513,13.414635,36.371952
345,1.107666,-0.28173828,0.32714844,9.542684,6.4939027,70.73171
345,1.1120605,-0.26220703,0.29223633,34.84756,14.02439,88.04878
345,1.0239258,-0.23266602,0.2800293,52.896343,17.34756,104.085365
345,0.88378906,-0.14916992,0.28881836,49.48171,17.957317,104.69512
345,0.704834,-0.12036133,0.27441406,26.981709,18.90244,102.926834
346,0.59350586,-0.14208984,0.23779297,3.0487804,13.932927,94.72561
346,0.67163086,-0.16699219,0.21948242,3.780488,8.689025,78.17073
346,0.80078125,-0.2055664,0.21850586,12.621951,8.841464,57.896343
346,0.9121094,-0.18969727,0.22192383,25.762196,15.335366,33.993904
346,1.0212402,-0.15454102,0.25048828,22.560976,20.823172,14.72561
346,1.1977539,-0.1496582,0.26489258,11.646341,24.17683,-2.957317
346,1.1298828,-0.13305664,0.27978516,-9.786586,18.810976,-17.682928
346,1.3710938,-0.18701172,0.25268555,-26.493902,9.481708,-38.140244
346,1.1828613,-0.28100586,0.30541992,-37.5,-9.817074,-68.65854
346,0.7836914,-0.35717773,0.49853516,-9.29878,-34.390244,-87.10366
346,0.79174805,-0.30859375,0.51586914,28.62805,-39.02439,-80.57927
346,0.9567871,-0.22973633,0.46362305,52.743904,-38.963417,-56.646343
346,0.951416,-0.052734375,0.35473633,46.280487,-28.90244,-29.969513
346,0.8647461,0.008789063,0.328125,22.804878,-20.335367,-16.189024
346,0.6838379,-0.036865234,0.36206055,-4.7865853,-16.890244,-11.920732
346,0.5217285,-0.12792969,0.39135742,-48.323174,-6.4939027,-17.865854
346,0.5744629,-0.20166016,0.33374023,-68.44512,7.378049,-18.170732
346,0.6550293,-0.23535156,0.30737305,-57.713417,12.134147,-21.341463
346,0.7241211,-0.28515625,0.33276367,-25.792683,4.6341467,-26.341465
346,0.76464844,-0.31274414,0.40600586,-6.6768293,-3.3841465,-31.463415
346,0.84765625,-0.3642578,0.49072266,7.7134147,-14.268293,-41.40244
346,0.998291,-0.3708496,0.5629883,21.067074,-23.384148,-52.40854
346,1.2131348,-0.36694336,0.56347656,16.006098,-20.70122,-53.292683
346,1.5410156,-0.39526367,0.5842285,11.768293,-16.859756,-50.396343
346,1.0874023,-0.29052734,0.5510254,-3.9939024,-4.115854,-32.92683
346,0.87475586,-0.27172852,0.46533203,-17.804878,15,7.1951222
346,1.0646973,-0.26879883,0.40844727,-2.9268293,13.780488,54.298782
346,0.97680664,-0.27294922,0.3305664,35.518295,19.664635,88.53659
346,1.0285645,-0.27075195,0.30322266,58.689026,23.963415,101.768295
346,0.8947754,-0.16088867,0.31640625,64.48171,27.713415,107.40854
347,0.6489258,-0.11743164,0.3088379,26.493902,32.286587,116.25
347,0.64331055,-0.17041016,0.27685547,0.945122,32.40854,115.335365
347,0.76586914,-0.19946289,0.2541504,-2.195122,26.95122,100.15244
347,0.8991699,-0.19335938,0.23291016,-1.3109757,26.79878,77.10366
347,0.9284668,-0.1940918,0.23950195,1.0060976,27.713415,59.17683
347,1.0058594,-0.17089844,0.2619629,6.0670733,28.414635,41.25
347,1.1450195,-0.1105957,0.26733398,-4.7865853,28.810976,11.25
347,0.9526367,-0.103759766,0.3022461,-29.054878,21.341463,-9.45122
347,1.1218262,-0.1665039,0.2915039,-41.615856,11.371951,-35.487804
347,1.1474609,-0.2680664,0.31860352,-46.98171,-12.987805,-87.31708
347,0.8017578,-0.34570313,0.4597168,-27.256098,-39.085365,-106.40244
347,0.7531738,-0.3552246,0.51049805,18.689024,-52.2561,-110.335365
347,0.9958496,-0.25830078,0.4873047,68.90244,-57.65244,-88.84147
347,1.0244141,-0.16455078,0.43481445,74.20732,-52.164635,-67.37805
347,0.9169922,-0.072265625,0.37963867,55.27439,-38.628048,-47.591465
347,0.6364746,-0.014404297,0.3701172,10.060976,-22.164635,-30.060976
347,0.53100586,-0.0625,0.37451172,-39.817074,-11.79878,-25.823172
347,0.60302734,-0.16503906,0.34838867,-76.676834,4.4817076,-24.634148
347,0.736084,-0.25585938,0.30615234,-77.28659,15.121952,-21.493902
347,0.8376465,-0.30444336,0.32104492,-59.939026,13.323171,-25
347,0.84228516,-0.34106445,0.3774414,-43.292683,7.2865853,-31.554878
347,0.829834,-0.35717773,0.47094727,-25.091463,-6.768293,-42.34756
347,0.8964844,-0.37182617,0.5095215,-11.737805,-16.67683,-50.670734
347,1.0778809,-0.38061523,0.5246582,1.4329269,-20.823172,-50.30488
347,1.5395508,-0.4008789,0.54003906,13.658537,-17.012196,-43.719513
347,1.2226563,-0.3112793,0.51953125,4.542683,-8.262196,-31.82927
347,0.8249512,-0.25268555,0.43603516,-13.384147,9.085366,4.1463413
347,1.0964355,-0.25610352,0.37158203,8.75,6.25,63.75
347,1.0881348,-0.27124023,0.34838867,34.390244,14.29878,84.90854
347,1.0888672,-0.27075195,0.31445313,55.27439,21.09756,100.45732
347,0.9499512,-0.1430664,0.3095703,58.292683,27.134148,109.78659
348,0.74560547,-0.111328125,0.29760742,30.091465,28.932928,113.35366
348,0.61816406,-0.13134766,0.26757813,-0.91463417,28.780489,112.53049
348,0.6538086,-0.18188477,0.24267578,-13.018293,16.585365,94.54269
348,0.72387695,-0.2253418,0.21606445,-4.72561,10.884147,74.085365
348,0.77246094,-0.23632813,0.20361328,11.128049,10.54878,52.134148
348,0.8918457,-0.22045898,0.22021484,31.981709,12.804878,22.37805
348,1.1186523,-0.1899414,0.24194336,32.439026,18.993902,-3.2012196
348,1.1376953,-0.1496582,0.2602539,14.786586,22.103659,-26.158537
348,1.2004395,-0.20141602,0.27514648,-18.109756,9.29878,-45.792683
348,1.4189453,-0.24243164,0.26513672,-32.92683,-2.5,-71.371956
348,1.1271973,-0.32885742,0.34326172,-38.109756,-26.82927,-93.201225
348,0.81591797,-0.3552246,0.4819336,-0.91463417,-43.23171,-94.48171
348,0.8959961,-0.26416016,0.45581055,33.65854,-42.5,-73.414635
348,0.9501953,-0.15795898,0.3930664,42.896343,-36.371952,-47.164635
348,0.8964844,-0.024414063,0.3173828,26.310976,-21.981709,-17.65244
348,0.7717285,-0.01586914,0.3190918,7.804878,-11.79878,-6.6768293
348,0.5842285,-0.044189453,0.36816406,-20.518293,-7.164634,-5.8536587
348,0.5539551,-0.15429688,0.38549805,-70.27439,5.7317076,-21.158537
348,0.670166,-0.25317383,0.35351563,-78.93293,14.359756,-26.067074
348,0.7397461,-0.29174805,0.32714844,-49.02439,12.530488,-33.932926
348,0.7915039,-0.32666016,0.36279297,-5.2439027,2.8658538,-44.207317
348,0.7897949,-0.30810547,0.40893555,12.713415,-4.7865853,-49.664635
348,0.89941406,-0.3269043,0.46240234,21.890244,-12.317074,-53.536587
348,1.0661621,-0.29248047,0.49389648,21.493902,-16.463415,-53.414635
348,1.3376465,-0.2993164,0.48242188,4.268293,-10.609756,-44.725613
348,1.5671387,-0.29736328,0.48779297,-13.323171,-5.792683,-31.371952
348,0.9699707,-0.2932129,0.42333984,-40.182926,8.963415,0.8231708
348,0.8547363,-0.29589844,0.36328125,-20.640244,8.902439,42.713417
348,1.0361328,-0.27929688,0.3425293,20.884148,1.5853659,69.90854
348,1.0881348,-0.23486328,0.32348633,48.65854,12.347561,87.5
349,1.0019531,-0.12792969,0.31152344,49.969513,18.932928,91.676834
349,0.8154297,-0.07836914,0.3022461,31.585367,19.29878,92.19512
349,0.60180664,-0.091552734,0.2878418,6.2195125,16.067074,86.951225
349,0.6008301,-0.11767578,0.25683594,-1.8597561,12.164635,76.28049
349,0.70166016,-0.14526367,0.23168945,1.4939024,11.920732,57.012196
349,0.88671875,-0.21264648,0.22924805,18.018293,17.22561,31.189026
349,0.9692383,-0.16967773,0.24584961,29.634148,24.908537,14.176829
349,1.0339355,-0.14111328,0.2541504,22.22561,29.756098,1.4634147
349,1.1696777,-0.13183594,0.28149414,0.6097561,30.853659,-14.359756
349,1.1037598,-0.1472168,0.3017578,-19.359756,23.445122,-21.920732
349,1.347168,-0.18554688,0.2565918,-31.920732,15.609756,-34.634148
349,1.0754395,-0.26293945,0.328125,-39.939026,-10.182927,-57.469513
349,0.74072266,-0.33398438,0.46704102,-20.762196,-30.030489,-61.920734
349,0.72753906,-0.29370117,0.49023438,19.268293,-35.213417,-55.762196
349,1.005127,-0.20117188,0.453125,52.19512,-35.091465,-33.993904
349,1.0439453,-0.057861328,0.40234375,48.323174,-27.530489,-17.164635
349,0.8874512,0.037597656,0.38745117,19.207317,-18.109756,-6.25
349,0.5991211,-0.022949219,0.42382813,-28.109756,-12.286586,-3.5365853
349,0.50683594,-0.11352539,0.42895508,-56.798782,-7.7134147,-11.25
349,0.546875,-0.21118164,0.38232422,-62.317074,3.0182927,-15.335366
349,0.65112305,-0.25073242,0.3239746,-28.140245,6.554878,-20.792683
349,0.7077637,-0.24438477,0.3527832,1.097561,3.2926831,-24.817074
349,0.7421875,-0.2355957,0.41333008,9.420732,-1.097561,-30.365854
349,0.86938477,-0.28588867,0.49560547,10.396341,-10.182927,-39.085365
349,0.95825195,-0.27685547,0.52856445,11.79878,-15.27439,-44.32927
349,1.0290527,-0.25610352,0.51782227,3.1707318,-12.804878,-43.262196
349,1.4990234,-0.34106445,0.5336914,-3.9939024,-13.323171,-38.170734
349,1.4384766,-0.29858398,0.5637207,-7.5914636,-9.02439,-30.945122
349,0.89282227,-0.2277832,0.46240234,-29.29878,4.9695125,-12.77439
349,0.85131836,-0.23803711,0.40014648,-16.737804,2.5304878,37.378048
349,1.013916,-0.26171875,0.39111328,20.54878,-0.12195122,50.823174
350,0.99658203,-0.23706055,0.34985352,40.243904,9.420732,59.45122
350,0.87402344,-0.13964844,0.32714844,45.884148,13.810976,59.939026
350,0.69140625,-0.09350586,0.3251953,32.65244,11.585366,60.975613
350,0.57836914,-0.10253906,0.31347656,13.841464,10.792684,60.42683
350,0.6743164,-0.17163086,0.27807617,9.908537,9.481708,51.09756
350,0.7871094,-0.18041992,0.25561523,22.134148,11.25,38.841465
350,0.8964844,-0.1574707,0.24975586,30.54878,16.585365,28.414635
350,0.9626465,-0.099121094,0.2590332,17.530489,24.115854,16.40244
350,1.0871582,-0.1315918,0.27539063,-1.7987806,25.030489,9.085366
350,1.203125,-0.12695313,0.28637695,-16.768293,22.5,1.0365853
350,1.0432129,-0.13574219,0.31933594,-35.487804,12.256098,-7.865854
350,1.2573242,-0.16210938,0.29077148,-34.115856,3.8109758,-18.62805
350,1.2258301,-0.22167969,0.34033203,-29.237806,-15,-35.97561
350,0.7807617,-0.24633789,0.47973633,-6.0670733,-35,-45.609756
350,0.78344727,-0.2097168,0.47875977,15.853659,-35.640244,-38.5061
350,0.9223633,-0.1508789,0.44995117,27.560976,-32.987804,-23.536587
350,0.9694824,-0.041503906,0.3876953,23.20122,-23.90244,-7.1341467
350,0.91381836,-0.029785156,0.36450195,5.8841467,-13.292684,1.6463416
350,0.72680664,-0.07421875,0.38476563,-13.871951,-7.256098,2.835366
350,0.53759766,-0.12597656,0.42236328,-36.432926,-2.0731707,-6.554878
350,0.56591797,-0.18554688,0.40185547,-45.518295,5.9451222,-12.103659
350,0.63842773,-0.22583008,0.36523438,-29.786587,7.8353662,-18.567074
350,0.7038574,-0.24169922,0.3972168,-0.39634147,3.0182927,-27.042683
350,0.7363281,-0.25439453,0.4321289,3.2926831,-0.88414633,-32.743904
350,0.8527832,-0.29882813,0.46704102,4.2073174,-6.158537,-36.67683
350,1.0200195,-0.2800293,0.484375,5.365854,-10.609756,-36.798782
350,1.1289063,-0.2722168,0.45922852,-6.280488,-9.02439,-28.323172
350,1.4555664,-0.3474121,0.47265625,-12.22561,-11.463415,-21.006098
350,1.2397461,-0.33203125,0.47753906,-20.762196,-5.152439,-15.243903
350,0.82250977,-0.2902832,0.37036133,-27.408537,3.262195,3.9634147
350,0.87524414,-0.2915039,0.33081055,-7.652439,-1.0670732,30.42683
351,1.0354004,-0.2861328,0.3005371,33.780487,2.987805,43.90244
351,0.9963379,-0.25146484,0.2631836,42.469513,10.945122,47.713417
351,0.8864746,-0.17016602,0.24682617,40.670734,15.030488,51.40244
351,0.6760254,-0.095458984,0.22070313,18.04878,14.542684,57.713417
351,0.6027832,-0.12890625,0.2211914,-0.27439025,10.213415,59.45122
351,0.6845703,-0.1694336,0.22143555,-6.0365853,7.6219516,51.615856
351,0.8210449,-0.203125,0.2133789,1.8597561,8.963415,32.317074
351,0.8588867,-0.20385742,0.19970703,11.036586,12.103659,20.853659
351,0.9111328,-0.15795898,0.21435547,19.481709,12.317074,10.487805
351,1.2084961,-0.17260742,0.24902344,11.829268,14.603659,-5.030488
351,1.2458496,-0.1640625,0.2800293,2.2560976,12.103659,-16.12805
351,1.1306152,-0.2084961,0.3305664,-5.97561,2.652439,-25.945122
351,1.3947754,-0.20288086,0.2993164,-1.4634147,-6.0670733,-41.432926
351,1.1467285,-0.22729492,0.3540039,-14.359756,-20.091463,-58.65854
351,0.8000488,-0.2836914,0.4465332,-14.847561,-30.884148,-64.5122
351,0.8227539,-0.25195313,0.4416504,11.280488,-29.237806,-48.963417
351,0.92626953,-0.19458008,0.41186523,23.536587,-26.493902,-28.871952
351,0.9177246,-0.083740234,0.34545898,24.29878,-19.786587,-8.963415
351,0.7841797,-0.021240234,0.31762695,2.5,-8.018292,11.067074
351,0.611084,-0.032470703,0.35351563,-15.365854,-2.987805,13.445123
351,0.5163574,-0.047851563,0.359375,-41.15854,5.914634,4.5731707
351,0.63134766,-0.1550293,0.3244629,-63.140244,19.17683,-4.847561
351,0.7468262,-0.19848633,0.30981445,-45.365856,21.036587,-13.810976
351,0.82958984,-0.24169922,0.32250977,-20.091463,14.115854,-20.42683
351,0.83154297,-0.25805664,0.38256836,1.4024391,0.945122,-30
351,0.8811035,-0.29296875,0.42163086,14.512196,-8.292683,-32.439026
351,0.9628906,-0.30004883,0.45043945,25.670732,-15.97561,-36.890244
351,1.2272949,-0.30029297,0.4555664,19.756098,-17.713415,-37.164635
351,1.4963379,-0.32885742,0.49487305,8.689025,-16.859756,-38.536587
352,1.2001953,-0.2939453,0.48950195,-11.341464,-8.719512,-31.981709
352,0.83984375,-0.28735352,0.3564453,-23.018293,7.8353662,10.304878
352,1.0512695,-0.29223633,0.33007813,12.77439,-1.2195122,42.19512
352,1.0217285,-0.2680664,0.3095703,43.90244,5.182927,59.115856
352,0.9506836,-0.21313477,0.29125977,60.091465,12.439025,75.243904
352,0.8354492,-0.12451172,0.30493164,55.03049,13.597561,77.621956
352,0.65722656,-0.095214844,0.28344727,29.237806,15.853659,78.62805
352,0.560791,-0.13842773,0.24633789,2.4390244,14.481708,73.29269
352,0.6867676,-0.17895508,0.2277832,3.140244,10.914635,58.262196
352,0.82666016,-0.21142578,0.22509766,13.902439,12.073171,40.365856
352,0.9746094,-0.16674805,0.23071289,26.67683,17.65244,21.158537
352,1.0224609,-0.119384766,0.24707031,17.34756,22.195122,10.060976
352,1.2155762,-0.14526367,0.26464844,3.6585367,23.353659,1.1890244
352,1.1472168,-0.11010742,0.2890625,-15.060976,16.158537,-13.079268
352,1.2785645,-0.17260742,0.27270508,-25.945122,7.5,-26.310976
352,1.3601074,-0.21728516,0.27978516,-26.79878,-7.7439027,-45.243904
352,0.83813477,-0.3076172,0.4663086,-13.231708,-33.018295,-61.707317
352,0.6784668,-0.2775879,0.47753906,19.146341,-35.884148,-57.68293
352,0.88427734,-0.21044922,0.41748047,38.35366,-30.54878,-38.170734
352,0.9814453,-0.029052734,0.32373047,29.72561,-17.012196,-11.79878
352,0.95654297,0.034179688,0.2932129,6.920732,-8.993902,2.5
352,0.7988281,-0.012695313,0.33374023,-15.518293,-2.012195,11.981708
352,0.5539551,-0.083740234,0.39624023,-50.85366,0.06097561,1.4329269
352,0.52197266,-0.1340332,0.3642578,-78.2622,13.506098,-6.280488
352,0.6245117,-0.17211914,0.30444336,-70.94512,16.067074,-15.945123
352,0.7453613,-0.2685547,0.31176758,-21.646341,5.518293,-29.146341
352,0.7126465,-0.26586914,0.3635254,6.1890244,-1.3109757,-37.713417
352,0.7302246,-0.2944336,0.39794922,20.060976,-11.158537,-47.896343
352,0.93115234,-0.30493164,0.4501953,32.682926,-20.457317,-58.65854
352,1.145752,-0.2890625,0.4597168,24.84756,-20.792683,-60.27439
352,1.6445313,-0.33544922,0.47802734,6.9817076,-18.018293,-57.713417
352,1.2668457,-0.2841797,0.49145508,-29.237806,-8.20122,-43.841465
353,0.8366699,-0.29638672,0.39672852,-48.5061,8.963415,-2.3170733
353,0.9855957,-0.29589844,0.3564453,-16.219513,0.24390244,41.036587
353,1.0959473,-0.2854004,0.32495117,33.963417,5.5487804,66.98171
353,1.0708008,-0.22192383,0.29101563,48.567074,14.847561,80.03049
353,0.9057617,-0.118896484,0.29296875,47.317074,17.92683,84.05488
353,0.63183594,-0.08227539,0.28710938,18.20122,16.432928,83.78049
353,0.54785156,-0.092285156,0.26708984,-4.908537,15.335366,76.85976
353,0.63378906,-0.1274414,0.24560547,-13.506098,12.530488,59.17683
353,0.8425293,-0.15063477,0.20751953,-5.5792685,18.262196,34.02439
353,1.0048828,-0.15478516,0.20019531,5.640244,25.243902,19.542683
353,1.0373535,-0.095703125,0.21020508,9.115854,33.140244,8.445122
353,1.1728516,-0.080078125,0.20654297,-9.72561,35.884148,-1.097561
353,1.0895996,-0.09887695,0.21313477,-27.469513,28.170732,-11.128049
353,1.1525879,-0.19458008,0.2121582,-29.573172,13.810976,-22.560976
353,1.2624512,-0.25952148,0.2109375,-12.195122,-12.835366,-49.237804
353,0.92993164,-0.3540039,0.35717773,10.213415,-38.963417,-64.5122
353,0.7897949,-0.3334961,0.44726563,47.835365,-51.40244,-71.15854
353,0.9394531,-0.2758789,0.45092773,79.35976,-50.792683,-45.73171
353,1.0380859,-0.13232422,0.40942383,80.15244,-42.19512,-21.036587
353,0.9970703,0.045166016,0.36987305,54.298782,-29.024391,2.042683
353,0.75805664,0.0871582,0.38916016,-4.542683,-13.323171,17.256098
353,0.57910156,0.008789063,0.4128418,-52.134148,-5.0609756,16.432928
353,0.5317383,-0.09716797,0.38671875,-89.29878,8.1402445,9.542684
353,0.6335449,-0.21972656,0.33691406,-85.426834,17.560976,-0.33536586
353,0.7133789,-0.2878418,0.33398438,-45.457317,11.829268,-11.676829
353,0.74731445,-0.27734375,0.35717773,-5.0609756,6.128049,-20.97561
353,0.77490234,-0.2770996,0.4025879,21.341463,-6.52439,-31.12805
353,0.89819336,-0.28735352,0.43725586,35.457317,-13.689025,-34.69512
353,1.0314941,-0.2475586,0.43286133,35.82317,-16.463415,-33.23171
353,1.4133301,-0.26757813,0.4362793,10.731708,-12.317074,-31.158537
354,1.512207,-0.27416992,0.4543457,-14.45122,-7.256098,-27.408537
354,1.1108398,-0.25,0.39672852,-46.768295,4.1768293,-13.079268
354,0.8166504,-0.26635742,0.31518555,-42.835365,3.2317073,28.323172
354,1.0112305,-0.30200195,0.31445313,0.6402439,-5.152439,48.75
354,1.0258789,-0.25,0.2890625,28.963415,3.3841465,56.310978
354,1.0324707,-0.15991211,0.27734375,40.823174,11.463415,62.042683
354,0.8774414,-0.08081055,0.28100586,28.262196,12.896341,59.420734
354,0.68969727,-0.06591797,0.25708008,-0.030487806,12.865854,60.914635
354,0.6533203,-0.10839844,0.2421875,-22.92683,6.4634147,54.207317
354,0.7705078,-0.13085938,0.22558594,-20.15244,5.670732,39.268295
354,0.8366699,-0.13745117,0.21533203,-13.292684,10.457317,23.384148
354,0.91625977,-0.15942383,0.20263672,-0.36585367,17.835367,3.5060976
354,0.96240234,-0.15258789,0.23046875,6.8597565,22.37805,-8.902439
354,1.137207,-0.16308594,0.24438477,2.7134147,26.12805,-21.09756
354,1.0930176,-0.13891602,0.25048828,-18.292683,27.012196,-32.591465
354,1.1706543,-0.20361328,0.24780273,-35.182926,19.481709,-40.15244
354,1.4089355,-0.2836914,0.2602539,-35.335365,6.128049,-53.62805
354,0.9641113,-0.35009766,0.37695313,-20.365854,-18.780489,-70.914635
354,0.65966797,-0.33569336,0.4338379,6.737805,-30.304878,-65.45732
354,0.67163086,-0.31298828,0.43432617,41.128048,-35.548782,-45.975613
354,0.88623047,-0.1508789,0.34057617,63.536587,-21.615854,-14.878049
354,0.9987793,9.77E-04,0.28466797,41.371952,-7.9573174,3.2012196
354,0.9494629,0.051513672,0.30566406,-3.140244,2.2256098,7.7134147
354,0.7116699,-0.07519531,0.3798828,-70.09147,6.768293,5.8841467
354,0.6381836,-0.21069336,0.38427734,-101.55488,13.04878,3.3841465
354,0.67089844,-0.27441406,0.34155273,-90.7622,14.085366,-1.9207318
354,0.70996094,-0.32617188,0.29003906,-31.341465,3.2012196,-15.792684
354,0.7302246,-0.30151367,0.3400879,15.457317,-2.652439,-20.274391
354,0.70703125,-0.24072266,0.38427734,38.048782,-6.52439,-25.823172
354,0.85424805,-0.2866211,0.46362305,42.378048,-14.634147,-33.780487
354,0.9802246,-0.27319336,0.4790039,38.75,-13.963415,-36.219513
355,1.1169434,-0.24291992,0.45776367,20.274391,-8.597561,-31.40244
355,1.4331055,-0.30639648,0.48901367,-5.27439,-5.2439027,-23.567074
355,1.3984375,-0.31860352,0.49145508,-19.32927,1.5243902,-11.067074
355,0.98535156,-0.29882813,0.40722656,-26.219513,8.414635,8.902439
355,0.75024414,-0.30249023,0.33007813,1.4634147,5.914634,47.469513
355,0.9855957,-0.33935547,0.32373047,46.189026,1.9207318,60.975613
355,0.99072266,-0.3083496,0.30273438,73.14024,9.237805,66.006096
355,1.0341797,-0.21899414,0.27807617,82.07317,18.353659,71.097565
355,0.90283203,-0.12841797,0.25195313,66.98171,21.95122,74.268295
355,0.7780762,-0.103515625,0.22070313,31.280489,24.237806,77.40854
355,0.76782227,-0.20898438,0.19946289,-3.262195,18.04878,71.89024
355,0.74853516,-0.27294922,0.19506836,-2.4390244,12.682927,58.292683
355,0.7644043,-0.31884766,0.17700195,12.103659,8.75,43.44512
355,0.8276367,-0.32055664,0.17016602,47.012196,5.182927,24.542683
355,0.8647461,-0.2709961,0.21289063,64.54269,3.2012196,12.378049
355,0.9562988,-0.26782227,0.2529297,64.5122,3.1097562,2.7743902
355,1.0361328,-0.22583008,0.29858398,50.762196,3.5060976,-6.006098
355,1.0593262,-0.2121582,0.30908203,26.95122,1.2804878,-8.689025
355,1.4904785,-0.3203125,0.34985352,9.878049,-13.658537,-15.487805
355,0.9951172,-0.30249023,0.5109863,-1.6463416,-36.737804,-32.19512
355,0.45214844,-0.2697754,0.46484375,-0.945122,-34.69512,-15.70122
355,0.5102539,-0.28173828,0.42504883,20.243902,-40.94512,10.6402445
355,0.83154297,-0.3125,0.37695313,65.518295,-34.085365,17.987804
355,0.904541,-0.27416992,0.3215332,95.88415,-28.62805,27.103659
355,1.0168457,-0.23217773,0.3088379,116.951225,-23.292683,28.04878
355,0.93481445,-0.17138672,0.36328125,99.72561,-20.914635,19.45122
355,0.79589844,-0.1875,0.42919922,47.743904,-20.304878,17.865854
355,0.75,-0.26391602,0.39916992,4.1768293,-18.07927,13.292684
355,0.73828125,-0.38623047,0.2854004,15.121952,-26.463415,1.9512196
355,0.7609863,-0.4560547,0.23632813,65.85366,-32.530487,-4.664634
356,0.7697754,-0.42871094,0.20678711,127.53049,-38.75,-2.5304878
356,0.83447266,-0.35229492,0.25854492,179.45122,-48.23171,-1.890244
356,0.9367676,-0.35473633,0.30493164,187.56097,-47.713417,-0.30487806
356,1.0031738,-0.3239746,0.29418945,183.71951,-40.213417,4.878049
356,1.1247559,-0.30322266,0.24511719,164.93903,-26.40244,17.195122
356,1.2158203,-0.28955078,0.21069336,152.95732,-16.25,29.237806
356,1.239502,-0.31420898,0.19067383,149.0244,-8.658537,41.920734
356,1.1953125,-0.2705078,0.15356445,151.09756,2.957317,57.743904
356,1.142334,-0.24633789,0.083984375,139.05489,12.957317,66.097565
356,1.0778809,-0.22045898,0.026123047,125.426834,20.914635,68.62805
356,1.0097656,-0.20239258,-0.05102539,101.89024,28.018293,65.64024
356,0.9873047,-0.20703125,-0.099121094,87.560974,28.993902,58.841465
356,0.9602051,-0.21948242,-0.12207031,80.70122,27.103659,51.615856
356,0.9289551,-0.2397461,-0.14013672,79.63415,15.6707325,39.786587
356,0.94750977,-0.25390625,-0.12866211,82.13415,4.390244,27.469513
356,0.94677734,-0.27539063,-0.1081543,85.243904,-5.518293,15.426829
356,0.91748047,-0.30322266,-0.06689453,97.621956,-19.542683,3.1097562
356,0.92163086,-0.3334961,-0.033203125,114.939026,-29.054878,-0.12195122
356,1.059082,-0.35351563,0.020507813,139.54268,-36.768295,2.2256098
356,1.1416016,-0.3046875,0.07006836,159.96951,-32.957317,18.90244
356,1.1816406,-0.23144531,0.09716797,158.07927,-25.030489,38.932926
356,1.1218262,-0.12402344,0.13452148,141.03659,-14.237805,60.670734
356,1.0693359,-0.04296875,0.19311523,88.65854,-1.0060976,84.847565
356,1.0661621,-0.038330078,0.2199707,50.70122,3.7195122,95.64024
356,1.0322266,-0.034179688,0.23583984,34.969513,2.8963416,96.73781
356,0.9692383,-0.002197266,0.24487305,27.469513,1.1585367,92.19512
356,0.9609375,0.01928711,0.25561523,36.615856,-4.2073174,81.92073
356,0.9597168,0.03149414,0.26489258,49.817074,-7.804878,69.42073
356,0.98828125,0.07324219,0.2631836,57.286587,-8.75,47.164635
356,1.013916,0.060791016,0.26538086,54.725613,-9.695122,29.786587
356,1.0087891,0.034423828,0.2783203,49.90854,-10.152439,13.262196
356,0.96875,-0.033935547,0.3017578,47.896343,-13.597561,-1.9512196
357,0.90527344,-0.052246094,0.3166504,52.042683,-15.304878,-8.445122
357,0.8586426,-0.064941406,0.33740234,57.286587,-17.103659,-13.353659
357,0.86376953,-0.060058594,0.36108398,54.725613,-16.646341,-21.219513
357,0.8820801,-0.060546875,0.37280273,43.109756,-13.75,-27.012196
357,0.87890625,-0.072509766,0.3774414,26.341465,-10.487805,-31.432928
357,0.9025879,-0.11328125,0.38549805,10.609756,-7.77439,-33.993904
357,0.90234375,-0.1430664,0.4020996,4.664634,-7.9268293,-33.932926
357,0.8569336,-0.16137695,0.41333008,1.5548781,-8.536586,-31.585367
357,0.7727051,-0.1706543,0.40795898,-2.2560976,-7.682927,-26.12805
357,0.7512207,-0.18115234,0.39208984,-3.5670733,-5.396342,-20.609756
357,0.8215332,-0.20336914,0.3791504,-2.987805,-2.7134147,-14.512196
357,0.9794922,-0.24023438,0.39208984,-2.682927,0.42682928,-6.5853662
357,1.1516113,-0.2446289,0.39770508,-7.804878,4.2987804,-1.3414634
357,1.2270508,-0.23730469,0.38964844,-23.59756,7.378049,4.237805
357,1.1604004,-0.27661133,0.36376953,-42.012196,4.878049,14.512196
357,0.97314453,-0.3017578,0.35742188,-34.939026,-2.5304878,23.75
357,0.77734375,-0.2841797,0.33374023,-12.22561,-8.04878,33.414635
357,0.85717773,-0.28100586,0.29907227,26.768293,-10.457317,39.146343
357,0.9333496,-0.23852539,0.2998047,53.140244,-7.4695125,36.0061
357,0.9399414,-0.16674805,0.28466797,58.07927,-2.0731707,32.286587
357,0.88964844,-0.11791992,0.25634766,36.859756,1.1280488,27.774391
357,0.8093262,-0.12109375,0.2553711,16.219513,-1.097561,23.47561
357,0.81469727,-0.1616211,0.2529297,8.780488,-5.640244,16.554878
357,0.9140625,-0.19506836,0.24194336,20.518293,-5.5487804,4.512195
357,0.93408203,-0.1586914,0.2163086,33.384148,-0.73170733,-1.25
357,0.92822266,-0.10595703,0.22875977,36.25,3.75,-4.3292685
357,0.99487305,-0.08325195,0.26098633,22.042683,9.359756,-8.292683
357,1.1486816,-0.07470703,0.25512695,12.5,13.780488,-8.902439
357,1.2087402,-0.045410156,0.25732422,1.6463416,18.414635,-9.603659
357,1.3193359,0.005126953,0.21459961,-20.57927,20.853659,-11.95122
358,1.3591309,-0.010986328,0.26171875,-43.384148,15.487805,-21.890244
358,1.0822754,-0.14941406,0.3449707,-57.591465,-1.1890244,-31.12805
358,0.68896484,-0.16674805,0.3383789,-25.670732,-9.207317,-32.134148
358,0.6591797,-0.10913086,0.31689453,6.737805,-15.945123,-19.481709
358,0.78344727,-0.013916016,0.32421875,25.731709,-8.871951,-7.9573174
358,0.907959,0.05078125,0.3388672,13.231708,-1.8292683,9.847561
358,0.96606445,0.08081055,0.37646484,-20.304878,5.8231707,7.77439
358,0.74609375,0.029785156,0.38085938,-70.27439,8.536586,3.0182927
358,0.59155273,-0.05102539,0.3125,-88.14024,11.006098,-8.506098
358,0.6503906,-0.15161133,0.30639648,-55.670734,5.365854,-15.487805
358,0.75219727,-0.18701172,0.33398438,-13.1707325,1.1585367,-20.396341
358,0.7937012,-0.1508789,0.38476563,19.939024,-3.1097562,-27.835367
358,0.7687988,-0.17382813,0.42333984,25.274391,-9.45122,-34.115856
358,0.8178711,-0.20507813,0.44702148,27.073172,-15.518293,-38.384148
358,0.95336914,-0.23168945,0.47753906,23.963415,-19.939024,-38.871952
358,1.2072754,-0.25756836,0.4987793,15.945123,-19.359756,-35.457317
358,1.4868164,-0.27172852,0.5209961,3.7195122,-16.40244,-24.786587
358,1.1589355,-0.2397461,0.48339844,-25.091463,-5.914634,-4.1768293
358,0.8408203,-0.24902344,0.41967773,-32.469513,2.1036587,22.286587
358,0.9526367,-0.27416992,0.3840332,-7.5914636,2.8658538,48.932926
358,1.0153809,-0.23413086,0.36376953,27.317074,12.103659,65.73171
358,0.9655762,-0.20532227,0.3466797,38.90244,16.493902,72.31708
358,0.93359375,-0.14355469,0.32250977,40.060978,19.786587,73.2622
358,0.7355957,-0.08569336,0.26171875,19.634148,17.896341,74.14635
358,0.67333984,-0.09008789,0.24121094,7.987805,13.47561,69.23781
358,0.73413086,-0.15893555,0.2475586,5.518293,10.945122,56.890244
358,0.88134766,-0.17333984,0.22436523,23.567074,14.878049,39.420734
358,0.8796387,-0.107910156,0.21240234,30.457317,18.04878,29.024391
358,0.9284668,-0.087890625,0.23291016,20.945122,19.908537,18.719513
358,1.2209473,-0.06298828,0.23754883,-0.8231708,24.481709,4.878049
358,1.2021484,-0.057128906,0.23413086,-27.865854,24.634148,-3.4146342
359,1.076416,-0.1550293,0.28808594,-37.713417,12.865854,-13.262196
359,1.3762207,-0.13696289,0.25756836,-15.54878,2.5914636,-29.024391
359,1.2626953,-0.11425781,0.2878418,-19.908537,-5.365854,-41.55488
359,0.85668945,-0.17944336,0.3737793,-21.737806,-18.20122,-47.865856
359,0.7661133,-0.15136719,0.36621094,4.72561,-24.29878,-43.993904
359,0.84936523,-0.08154297,0.359375,13.1707325,-19.756098,-33.689026
359,0.8425293,-0.050048828,0.35546875,5.518293,-16.158537,-26.09756
359,0.8959961,-0.103759766,0.35668945,-14.634147,-7.7134147,-23.658537
359,0.7648926,-0.1574707,0.35961914,-26.585367,-8.231708,-30.213415
359,0.642334,-0.16845703,0.3334961,-33.5061,-8.109756,-41.0061
359,0.6982422,-0.22802734,0.30493164,-24.817074,-3.6890244,-49.512196
359,0.7614746,-0.22583008,0.3154297,-5.2439027,-1.8292683,-49.69512
359,0.8117676,-0.2421875,0.36743164,6.4634147,-2.7439024,-50.060978
359,0.84887695,-0.25146484,0.41748047,9.268293,-6.615854,-46.615856
359,0.8444824,-0.2734375,0.45458984,8.04878,-10.27439,-41.585365
359,0.8840332,-0.2734375,0.45288086,11.676829,-10.792684,-34.60366
359,1.0605469,-0.2619629,0.4621582,8.932927,-7.987805,-25.42683
359,1.388916,-0.3010254,0.48266602,-0.91463417,-3.8719513,-14.817074
359,1.4274902,-0.30273438,0.50756836,-15.609756,0.6707317,-1.0670732
359,0.9111328,-0.25073242,0.40307617,-28.47561,12.835366,31.371952
359,0.9406738,-0.234375,0.35498047,-7.5,10.823171,62.621952
359,1.0600586,-0.21484375,0.35791016,19.603659,11.646341,78.20122
359,0.9941406,-0.15307617,0.34838867,34.84756,18.323172,89.63415
359,0.95410156,-0.103515625,0.328125,31.890245,18.109756,90.39635
359,0.8029785,-0.0847168,0.29077148,20.670732,14.29878,88.35366
359,0.66381836,-0.07446289,0.24365234,14.481708,6.554878,82.5
359,0.67333984,-0.07836914,0.24023438,13.689025,4.4817076,66.95122
359,0.751709,-0.115478516,0.23486328,14.634147,8.841464,46.219513
359,0.8942871,-0.118896484,0.21118164,24.695122,16.920732,24.085367
359,0.93481445,-0.07348633,0.21777344,22.134148,21.768293,10.091464
